(3.81 -3.81 -0.381 6.9449e-14)
(11.43 -3.81 -0.381 8.4463e-14)
(19.05 -3.81 -0.381 2.1826e-14)
(26.67 -3.81 -0.381 2.5384e-14)
(34.29 -3.81 -0.381 4.7996e-14)
(41.91 -3.81 -0.381 3.1218e-14)
(49.53 -3.81 -0.381 5.1465e-14)
(57.15 -3.81 -0.381 6.1415e-14)
(64.77 -3.81 -0.381 3.5397e-14)
(72.39 -3.81 -0.381 2.7508e-14)
(80.01 -3.81 -0.381 3.1217e-14)
(87.63 -3.81 -0.381 6.9207e-14)
(95.25 -3.81 -0.381 4.2197e-14)
(102.87 -3.81 -0.381 4.5498e-14)
(110.49 -3.81 -0.381 8.2057e-14)
(118.11 -3.81 -0.381 8.0731e-14)
(125.73 -3.81 -0.381 6.8552e-14)
(133.35 -3.81 -0.381 8.5716e-14)
(140.97 -3.81 -0.381 5.207e-14)
(148.59 -3.81 -0.381 9.3817e-14)
(156.21 -3.81 -0.381 5.9224e-14)
(163.83 -3.81 -0.381 7.0029e-13)
(171.45 -3.81 -0.381 5.7156e-13)
(179.07 -3.81 -0.381 5.4473e-13)
(186.69 -3.81 -0.381 9.9118e-13)
(194.31 -3.81 -0.381 5.4209e-13)
(201.93 -3.81 -0.381 7.9687e-13)
(209.55 -3.81 -0.381 8.4561e-13)
(217.17 -3.81 -0.381 6.6019e-13)
(224.79 -3.81 -0.381 7.8365e-13)
(232.41 -3.81 -0.381 6.227e-13)
(240.03 -3.81 -0.381 5.2282e-13)
(247.65 -3.81 -0.381 6.8087e-13)
(255.27 -3.81 -0.381 8.2475e-13)
(262.89 -3.81 -0.381 9.6481e-13)
(270.51 -3.81 -0.381 8.9677e-13)
(278.13 -3.81 -0.381 2.25e-17)
(285.75 -3.81 -0.381 6.726e-16)
(293.37 -3.81 -0.381 2.551e-16)
(300.99 -3.81 -0.381 3.372e-16)
(308.61 -3.81 -0.381 7.1e-16)
(316.23 -3.81 -0.381 9.568e-16)
(323.85 -3.81 -0.381 4.22e-17)
(331.47 -3.81 -0.381 2.752e-16)
(339.09 -3.81 -0.381 7.695e-16)
(346.71 -3.81 -0.381 2.416e-16)
(354.33 -3.81 -0.381 7.637e-16)
(361.95 -3.81 -0.381 8.43e-16)
(369.57 -3.81 -0.381 9.13e-16)
(377.19 -3.81 -0.381 1.18e-16)
(384.81 -3.81 -0.381 9.831e-16)
(392.43 -3.81 -0.381 3.513e-16)
(400.05 -3.81 -0.381 6.616e-16)
(407.67 -3.81 -0.381 4.706e-16)
(415.29 -3.81 -0.381 7.887e-16)
(422.91 -3.81 -0.381 6.177e-16)
(430.53 -3.81 -0.381 7.8e-16)
(438.15 -3.81 -0.381 9.137e-16)
(445.77 -3.81 -0.381 2.325e-16)
(453.39 -3.81 -0.381 4.112e-16)
(461.01 -3.81 -0.381 7.171e-16)
(468.63 -3.81 -0.381 2.297e-16)
(476.25 -3.81 -0.381 7.668e-16)
(483.87 -3.81 -0.381 8.844e-16)
(491.49 -3.81 -0.381 4.17e-17)
(499.11 -3.81 -0.381 8.016e-16)
(506.73 -3.81 -0.381 6.857e-16)
(514.35 -3.81 -0.381 1.59e-17)
(521.97 -3.81 -0.381 8.775e-16)
(529.59 -3.81 -0.381 5.2921e-13)
(537.21 -3.81 -0.381 7.7851e-13)
(544.83 -3.81 -0.381 5.2009e-13)
(552.45 -3.81 -0.381 6.7394e-13)
(560.07 -3.81 -0.381 9.5354e-13)
(567.69 -3.81 -0.381 8.3211e-13)
(575.31 -3.81 -0.381 9.4788e-13)
(582.93 -3.81 -0.381 5.0298e-13)
(590.55 -3.81 -0.381 5.8564e-13)
(598.17 -3.81 -0.381 4.416e-16)
(605.79 -3.81 -0.381 6.536e-16)
(613.41 -3.81 -0.381 2.761e-16)
(621.03 -3.81 -0.381 3.04e-17)
(628.65 -3.81 -0.381 9.105e-16)
(636.27 -3.81 -0.381 9.574e-16)
(643.89 -3.81 -0.381 8.878e-16)
(651.51 -3.81 -0.381 4.527e-16)
(659.13 -3.81 -0.381 1.224e-16)
(666.75 -3.81 -0.381 4.641e-16)
(674.37 -3.81 -0.381 3.199e-16)
(681.99 -3.81 -0.381 6.395e-16)
(689.61 -3.81 -0.381 6.7021e-14)
(697.23 -3.81 -0.381 4.2052e-14)
(704.85 -3.81 -0.381 3.8346e-14)
(712.47 -3.81 -0.381 5.66e-14)
(720.09 -3.81 -0.381 7.7881e-14)
(727.71 -3.81 -0.381 5.065e-14)
(735.33 -3.81 -0.381 9.1778e-14)
(742.95 -3.81 -0.381 9.0286e-14)
(750.57 -3.81 -0.381 4.2576e-14)
(758.19 -3.81 -0.381 2.7895e-14)
(3.81 -3.81 -1.143 6.3099e-15)
(11.43 -3.81 -1.143 1.6137e-14)
(19.05 -3.81 -1.143 8.6744e-15)
(26.67 -3.81 -1.143 1.5116e-14)
(34.29 -3.81 -1.143 3.0866e-15)
(41.91 -3.81 -1.143 7.62e-17)
(49.53 -3.81 -1.143 2.619e-16)
(57.15 -3.81 -1.143 6.92e-17)
(64.77 -3.81 -1.143 9.041e-16)
(72.39 -3.81 -1.143 2.058e-16)
(80.01 -3.81 -1.143 3.042e-16)
(87.63 -3.81 -1.143 9.327e-16)
(95.25 -3.81 -1.143 9.188e-16)
(102.87 -3.81 -1.143 3.57e-16)
(110.49 -3.81 -1.143 3.152e-16)
(118.11 -3.81 -1.143 8.696e-16)
(125.73 -3.81 -1.143 1.23e-17)
(133.35 -3.81 -1.143 7.226e-16)
(140.97 -3.81 -1.143 2.729e-16)
(148.59 -3.81 -1.143 5.287e-16)
(156.21 -3.81 -1.143 8.275e-16)
(163.83 -3.81 -1.143 7.064e-16)
(171.45 -3.81 -1.143 5.368e-16)
(179.07 -3.81 -1.143 8.624e-16)
(186.69 -3.81 -1.143 9.877e-16)
(194.31 -3.81 -1.143 1.089e-16)
(201.93 -3.81 -1.143 3.69e-17)
(209.55 -3.81 -1.143 3.168e-16)
(217.17 -3.81 -1.143 2.772e-16)
(224.79 -3.81 -1.143 3.142e-16)
(232.41 -3.81 -1.143 4.577e-16)
(240.03 -3.81 -1.143 5.0646e-13)
(247.65 -3.81 -1.143 9.1421e-13)
(255.27 -3.81 -1.143 7.4025e-13)
(262.89 -3.81 -1.143 7.1507e-13)
(270.51 -3.81 -1.143 9.7109e-13)
(278.13 -3.81 -1.143 6.5815e-13)
(285.75 -3.81 -1.143 8.6339e-13)
(293.37 -3.81 -1.143 8.5854e-13)
(300.99 -3.81 -1.143 5.7349e-13)
(308.61 -3.81 -1.143 5.6924e-13)
(316.23 -3.81 -1.143 6.5883e-13)
(323.85 -3.81 -1.143 6.9971e-13)
(331.47 -3.81 -1.143 9.5586e-13)
(339.09 -3.81 -1.143 8.032e-13)
(346.71 -3.81 -1.143 9.2672e-13)
(354.33 -3.81 -1.143 2.2441e-15)
(361.95 -3.81 -1.143 1.9039e-14)
(369.57 -3.81 -1.143 3.5093e-15)
(377.19 -3.81 -1.143 9.6796e-15)
(384.81 -3.81 -1.143 1.996e-14)
(392.43 -3.81 -1.143 1.2198e-14)
(400.05 -3.81 -1.143 4.162e-16)
(407.67 -3.81 -1.143 9.605e-16)
(415.29 -3.81 -1.143 3.618e-16)
(422.91 -3.81 -1.143 9.645e-16)
(430.53 -3.81 -1.143 6.332e-16)
(438.15 -3.81 -1.143 9.55e-17)
(445.77 -3.81 -1.143 3.896e-16)
(453.39 -3.81 -1.143 1.998e-16)
(461.01 -3.81 -1.143 6.227e-16)
(468.63 -3.81 -1.143 6.746e-16)
(476.25 -3.81 -1.143 5.725e-16)
(483.87 -3.81 -1.143 5.963e-16)
(491.49 -3.81 -1.143 7.46e-17)
(499.11 -3.81 -1.143 7.873e-16)
(506.73 -3.81 -1.143 8.457e-16)
(514.35 -3.81 -1.143 8.244e-16)
(521.97 -3.81 -1.143 7.7135e-14)
(529.59 -3.81 -1.143 9.8442e-14)
(537.21 -3.81 -1.143 8.2081e-14)
(544.83 -3.81 -1.143 2.8541e-14)
(552.45 -3.81 -1.143 5.9759e-14)
(560.07 -3.81 -1.143 5.597e-14)
(567.69 -3.81 -1.143 7.9979e-14)
(575.31 -3.81 -1.143 5.2607e-14)
(582.93 -3.81 -1.143 8.3056e-14)
(590.55 -3.81 -1.143 3.7945e-14)
(598.17 -3.81 -1.143 3.2775e-14)
(605.79 -3.81 -1.143 1.277e-14)
(613.41 -3.81 -1.143 1.1536e-14)
(621.03 -3.81 -1.143 7.7834e-15)
(628.65 -3.81 -1.143 1.2271e-14)
(636.27 -3.81 -1.143 1.5274e-14)
(643.89 -3.81 -1.143 1.1465e-14)
(651.51 -3.81 -1.143 3.0922e-15)
(659.13 -3.81 -1.143 1.3686e-15)
(666.75 -3.81 -1.143 3.2e-15)
(674.37 -3.81 -1.143 1.0641e-14)
(681.99 -3.81 -1.143 3.7252e-15)
(689.61 -3.81 -1.143 1.956e-14)
(697.23 -3.81 -1.143 1.082e-14)
(704.85 -3.81 -1.143 7.0385e-15)
(712.47 -3.81 -1.143 1.4334e-14)
(720.09 -3.81 -1.143 1.5455e-14)
(727.71 -3.81 -1.143 9.3025e-15)
(735.33 -3.81 -1.143 5.2957e-15)
(742.95 -3.81 -1.143 1.6245e-14)
(750.57 -3.81 -1.143 1.2609e-14)
(758.19 -3.81 -1.143 5.276e-15)
(3.81 -3.81 -1.905 1.4614e-14)
(11.43 -3.81 -1.905 8.2675e-15)
(19.05 -3.81 -1.905 4.8304e-15)
(26.67 -3.81 -1.905 1.0495e-14)
(34.29 -3.81 -1.905 1.1968e-14)
(41.91 -3.81 -1.905 1.1689e-13)
(49.53 -3.81 -1.905 2.4324e-13)
(57.15 -3.81 -1.905 2.6234e-13)
(64.77 -3.81 -1.905 3.2187e-13)
(72.39 -3.81 -1.905 1.0908e-14)
(80.01 -3.81 -1.905 9.3542e-14)
(87.63 -3.81 -1.905 1.8475e-14)
(95.25 -3.81 -1.905 3.3724e-13)
(102.87 -3.81 -1.905 2.8897e-13)
(110.49 -3.81 -1.905 4.3443e-13)
(118.11 -3.81 -1.905 3.4723e-13)
(125.73 -3.81 -1.905 4.9496e-13)
(133.35 -3.81 -1.905 6.8086e-14)
(140.97 -3.81 -1.905 1.3937e-13)
(148.59 -3.81 -1.905 1.6175e-13)
(156.21 -3.81 -1.905 4.3731e-13)
(163.83 -3.81 -1.905 3.1537e-13)
(171.45 -3.81 -1.905 9.9636e-14)
(179.07 -3.81 -1.905 2.1454e-14)
(186.69 -3.81 -1.905 6.1183e-14)
(194.31 -3.81 -1.905 3.9317e-14)
(201.93 -3.81 -1.905 5.701e-14)
(209.55 -3.81 -1.905 9.8307e-14)
(217.17 -3.81 -1.905 2.6968e-14)
(224.79 -3.81 -1.905 9.6663e-14)
(232.41 -3.81 -1.905 7.3269e-14)
(240.03 -3.81 -1.905 8.8029e-14)
(247.65 -3.81 -1.905 8.0324e-14)
(255.27 -3.81 -1.905 2.8798e-14)
(262.89 -3.81 -1.905 2.9593e-14)
(270.51 -3.81 -1.905 6.0453e-14)
(278.13 -3.81 -1.905 4.9424e-14)
(285.75 -3.81 -1.905 4.6919e-14)
(293.37 -3.81 -1.905 2.495e-16)
(300.99 -3.81 -1.905 3.369e-16)
(308.61 -3.81 -1.905 6.588e-16)
(316.23 -3.81 -1.905 2.659e-16)
(323.85 -3.81 -1.905 3.236e-16)
(331.47 -3.81 -1.905 1.903e-16)
(339.09 -3.81 -1.905 1.723e-16)
(346.71 -3.81 -1.905 4.486e-16)
(354.33 -3.81 -1.905 3.978e-16)
(361.95 -3.81 -1.905 3.073e-16)
(369.57 -3.81 -1.905 2.061e-16)
(377.19 -3.81 -1.905 3.003e-16)
(384.81 -3.81 -1.905 2.489e-16)
(392.43 -3.81 -1.905 2.604e-16)
(400.05 -3.81 -1.905 7.491e-16)
(407.67 -3.81 -1.905 3.51e-17)
(415.29 -3.81 -1.905 3.121e-16)
(422.91 -3.81 -1.905 8.895e-16)
(430.53 -3.81 -1.905 4.196e-16)
(438.15 -3.81 -1.905 6.034e-16)
(445.77 -3.81 -1.905 6.197e-16)
(453.39 -3.81 -1.905 2.432e-16)
(461.01 -3.81 -1.905 3.984e-16)
(468.63 -3.81 -1.905 6.329e-16)
(476.25 -3.81 -1.905 7.386e-16)
(483.87 -3.81 -1.905 5.097e-16)
(491.49 -3.81 -1.905 3.713e-16)
(499.11 -3.81 -1.905 3.622e-16)
(506.73 -3.81 -1.905 7.069e-16)
(514.35 -3.81 -1.905 9.61e-16)
(521.97 -3.81 -1.905 5.7034e-14)
(529.59 -3.81 -1.905 6.6264e-14)
(537.21 -3.81 -1.905 9.7731e-14)
(544.83 -3.81 -1.905 9.1014e-14)
(552.45 -3.81 -1.905 3.4262e-14)
(560.07 -3.81 -1.905 6.469e-14)
(567.69 -3.81 -1.905 4.6193e-14)
(575.31 -3.81 -1.905 6.2819e-14)
(582.93 -3.81 -1.905 4.6851e-14)
(590.55 -3.81 -1.905 2.0242e-14)
(598.17 -3.81 -1.905 8.8173e-14)
(605.79 -3.81 -1.905 2.3455e-14)
(613.41 -3.81 -1.905 2.055e-14)
(621.03 -3.81 -1.905 9.795e-14)
(628.65 -3.81 -1.905 8.7665e-14)
(636.27 -3.81 -1.905 5.0566e-14)
(643.89 -3.81 -1.905 5.6345e-14)
(651.51 -3.81 -1.905 1.6871e-14)
(659.13 -3.81 -1.905 1.5582e-14)
(666.75 -3.81 -1.905 6.5298e-15)
(674.37 -3.81 -1.905 2.2955e-15)
(681.99 -3.81 -1.905 4.5308e-15)
(689.61 -3.81 -1.905 4.284e-15)
(697.23 -3.81 -1.905 5.0899e-15)
(704.85 -3.81 -1.905 6.7794e-15)
(712.47 -3.81 -1.905 1.6212e-14)
(720.09 -3.81 -1.905 1.3387e-14)
(727.71 -3.81 -1.905 5.6254e-15)
(735.33 -3.81 -1.905 8.1044e-13)
(742.95 -3.81 -1.905 7.8344e-13)
(750.57 -3.81 -1.905 8.8319e-13)
(758.19 -3.81 -1.905 5.227e-13)
(3.81 -3.81 -2.667 8.9224e-13)
(11.43 -3.81 -2.667 7.2958e-15)
(19.05 -3.81 -2.667 7.5887e-15)
(26.67 -3.81 -2.667 7.4542e-15)
(34.29 -3.81 -2.667 1.928e-14)
(41.91 -3.81 -2.667 2.1377e-15)
(49.53 -3.81 -2.667 3.0094e-15)
(57.15 -3.81 -2.667 1.8778e-14)
(64.77 -3.81 -2.667 9.7597e-15)
(72.39 -3.81 -2.667 1.5783e-14)
(80.01 -3.81 -2.667 1.7091e-14)
(87.63 -3.81 -2.667 1.3569e-14)
(95.25 -3.81 -2.667 1.208e-14)
(102.87 -3.81 -2.667 5.9052e-15)
(110.49 -3.81 -2.667 2.94e-16)
(118.11 -3.81 -2.667 6.096e-16)
(125.73 -3.81 -2.667 1.457e-16)
(133.35 -3.81 -2.667 3.347e-16)
(140.97 -3.81 -2.667 5.271e-16)
(148.59 -3.81 -2.667 2.77e-16)
(156.21 -3.81 -2.667 1.656e-16)
(163.83 -3.81 -2.667 5.887e-16)
(171.45 -3.81 -2.667 6.747e-16)
(179.07 -3.81 -2.667 2.534e-16)
(186.69 -3.81 -2.667 5.515e-16)
(194.31 -3.81 -2.667 4.15e-17)
(201.93 -3.81 -2.667 5.979e-16)
(209.55 -3.81 -2.667 9.089e-16)
(217.17 -3.81 -2.667 7.895e-16)
(224.79 -3.81 -2.667 8.341e-16)
(232.41 -3.81 -2.667 5.78e-16)
(240.03 -3.81 -2.667 8.39e-17)
(247.65 -3.81 -2.667 6.297e-16)
(255.27 -3.81 -2.667 9.234e-16)
(262.89 -3.81 -2.667 5.9e-18)
(270.51 -3.81 -2.667 7.689e-16)
(278.13 -3.81 -2.667 7.737e-16)
(285.75 -3.81 -2.667 7.631e-16)
(293.37 -3.81 -2.667 6.66e-17)
(300.99 -3.81 -2.667 8.021e-16)
(308.61 -3.81 -2.667 5.64e-16)
(316.23 -3.81 -2.667 9.927e-16)
(323.85 -3.81 -2.667 4.297e-16)
(331.47 -3.81 -2.667 5.498e-16)
(339.09 -3.81 -2.667 6.69e-16)
(346.71 -3.81 -2.667 1.284e-16)
(354.33 -3.81 -2.667 9.359e-16)
(361.95 -3.81 -2.667 5.957e-16)
(369.57 -3.81 -2.667 7.724e-16)
(377.19 -3.81 -2.667 2.438e-16)
(384.81 -3.81 -2.667 2.852e-16)
(392.43 -3.81 -2.667 4.298e-16)
(400.05 -3.81 -2.667 2.609e-16)
(407.67 -3.81 -2.667 6.648e-16)
(415.29 -3.81 -2.667 7.201e-16)
(422.91 -3.81 -2.667 1.343e-16)
(430.53 -3.81 -2.667 9.079e-16)
(438.15 -3.81 -2.667 6.536e-16)
(445.77 -3.81 -2.667 7.201e-16)
(453.39 -3.81 -2.667 2.3406e-15)
(461.01 -3.81 -2.667 1.179e-14)
(468.63 -3.81 -2.667 2.8045e-15)
(476.25 -3.81 -2.667 1.3987e-14)
(483.87 -3.81 -2.667 1.1848e-14)
(491.49 -3.81 -2.667 1.7294e-14)
(499.11 -3.81 -2.667 4.546e-15)
(506.73 -3.81 -2.667 1.2748e-14)
(514.35 -3.81 -2.667 1.2785e-14)
(521.97 -3.81 -2.667 1.7079e-14)
(529.59 -3.81 -2.667 3.3626e-15)
(537.21 -3.81 -2.667 1.672e-14)
(544.83 -3.81 -2.667 1.1392e-14)
(552.45 -3.81 -2.667 1.5116e-14)
(560.07 -3.81 -2.667 1.6024e-14)
(567.69 -3.81 -2.667 1.2352e-14)
(575.31 -3.81 -2.667 1.4482e-14)
(582.93 -3.81 -2.667 1.2092e-14)
(590.55 -3.81 -2.667 9.4064e-15)
(598.17 -3.81 -2.667 5.6959e-14)
(605.79 -3.81 -2.667 4.0762e-13)
(613.41 -3.81 -2.667 4.0148e-14)
(621.03 -3.81 -2.667 3.0119e-13)
(628.65 -3.81 -2.667 4.9538e-13)
(636.27 -3.81 -2.667 2.7293e-13)
(643.89 -3.81 -2.667 2.4821e-13)
(651.51 -3.81 -2.667 8.6172e-13)
(659.13 -3.81 -2.667 6.6438e-13)
(666.75 -3.81 -2.667 5.4612e-13)
(674.37 -3.81 -2.667 9.8905e-13)
(681.99 -3.81 -2.667 3.8178e-14)
(689.61 -3.81 -2.667 3.0027e-14)
(697.23 -3.81 -2.667 2.7308e-13)
(704.85 -3.81 -2.667 2.185e-13)
(712.47 -3.81 -2.667 1.8703e-13)
(720.09 -3.81 -2.667 3.2054e-13)
(727.71 -3.81 -2.667 3.1924e-13)
(735.33 -3.81 -2.667 1.2865e-13)
(742.95 -3.81 -2.667 3.6521e-13)
(750.57 -3.81 -2.667 3.9487e-13)
(758.19 -3.81 -2.667 1.0346e-13)
(3.81 -3.81 -3.429 3.4641e-14)
(11.43 -3.81 -3.429 6.365e-14)
(19.05 -3.81 -3.429 9.5859e-14)
(26.67 -3.81 -3.429 8.5384e-14)
(34.29 -3.81 -3.429 8.5399e-15)
(41.91 -3.81 -3.429 1.6795e-14)
(49.53 -3.81 -3.429 8.7492e-15)
(57.15 -3.81 -3.429 1.1771e-14)
(64.77 -3.81 -3.429 1.7729e-15)
(72.39 -3.81 -3.429 5.3593e-15)
(80.01 -3.81 -3.429 1.3801e-14)
(87.63 -3.81 -3.429 5.4302e-15)
(95.25 -3.81 -3.429 7.2812e-15)
(102.87 -3.81 -3.429 8.0456e-15)
(110.49 -3.81 -3.429 4.6821e-15)
(118.11 -3.81 -3.429 4.2523e-15)
(125.73 -3.81 -3.429 6.8115e-15)
(133.35 -3.81 -3.429 9.4348e-15)
(140.97 -3.81 -3.429 9.7034e-15)
(148.59 -3.81 -3.429 1.232e-15)
(156.21 -3.81 -3.429 6.0644e-15)
(163.83 -3.81 -3.429 1.3015e-14)
(171.45 -3.81 -3.429 9.2842e-15)
(179.07 -3.81 -3.429 2.9282e-15)
(186.69 -3.81 -3.429 5.0071e-15)
(194.31 -3.81 -3.429 1.1493e-14)
(201.93 -3.81 -3.429 1.2673e-15)
(209.55 -3.81 -3.429 1.8776e-14)
(217.17 -3.81 -3.429 6.1859e-15)
(224.79 -3.81 -3.429 1.4111e-14)
(232.41 -3.81 -3.429 9.2308e-15)
(240.03 -3.81 -3.429 1.2397e-14)
(247.65 -3.81 -3.429 4.0388e-15)
(255.27 -3.81 -3.429 1.6951e-14)
(262.89 -3.81 -3.429 1.4801e-14)
(270.51 -3.81 -3.429 4.918e-15)
(278.13 -3.81 -3.429 6.7191e-14)
(285.75 -3.81 -3.429 6.3184e-14)
(293.37 -3.81 -3.429 3.2476e-14)
(300.99 -3.81 -3.429 4.6421e-14)
(308.61 -3.81 -3.429 7.8323e-14)
(316.23 -3.81 -3.429 6.1004e-14)
(323.85 -3.81 -3.429 7.2114e-14)
(331.47 -3.81 -3.429 5.5924e-14)
(339.09 -3.81 -3.429 7.0349e-14)
(346.71 -3.81 -3.429 2.7962e-14)
(354.33 -3.81 -3.429 3.9737e-14)
(361.95 -3.81 -3.429 5.0279e-14)
(369.57 -3.81 -3.429 7.3289e-14)
(377.19 -3.81 -3.429 7.6012e-14)
(384.81 -3.81 -3.429 6.1416e-14)
(392.43 -3.81 -3.429 7.6867e-14)
(400.05 -3.81 -3.429 9.802e-14)
(407.67 -3.81 -3.429 3.6713e-14)
(415.29 -3.81 -3.429 2.1585e-14)
(422.91 -3.81 -3.429 4.0178e-14)
(430.53 -3.81 -3.429 9.1278e-14)
(438.15 -3.81 -3.429 5.6238e-14)
(445.77 -3.81 -3.429 7.8036e-14)
(453.39 -3.81 -3.429 5.6814e-14)
(461.01 -3.81 -3.429 6.9163e-13)
(468.63 -3.81 -3.429 8.1479e-13)
(476.25 -3.81 -3.429 7.3074e-13)
(483.87 -3.81 -3.429 9.4053e-13)
(491.49 -3.81 -3.429 7.4765e-13)
(499.11 -3.81 -3.429 8.7179e-13)
(506.73 -3.81 -3.429 6.734e-13)
(514.35 -3.81 -3.429 7.938e-13)
(521.97 -3.81 -3.429 8.9051e-13)
(529.59 -3.81 -3.429 5.2249e-13)
(537.21 -3.81 -3.429 6.1488e-13)
(544.83 -3.81 -3.429 8.082e-13)
(552.45 -3.81 -3.429 8.7132e-13)
(560.07 -3.81 -3.429 7.3318e-13)
(567.69 -3.81 -3.429 5.6288e-13)
(575.31 -3.81 -3.429 7.0273e-13)
(582.93 -3.81 -3.429 6.3402e-13)
(590.55 -3.81 -3.429 2.1486e-15)
(598.17 -3.81 -3.429 1.3438e-14)
(605.79 -3.81 -3.429 5.4004e-15)
(613.41 -3.81 -3.429 2.2995e-15)
(621.03 -3.81 -3.429 9.3143e-15)
(628.65 -3.81 -3.429 1.0087e-14)
(636.27 -3.81 -3.429 1.3313e-14)
(643.89 -3.81 -3.429 3.197e-15)
(651.51 -3.81 -3.429 4.8616e-15)
(659.13 -3.81 -3.429 1.5021e-14)
(666.75 -3.81 -3.429 1.8515e-14)
(674.37 -3.81 -3.429 2.5179e-15)
(681.99 -3.81 -3.429 8.5137e-15)
(689.61 -3.81 -3.429 4.925e-16)
(697.23 -3.81 -3.429 4.719e-16)
(704.85 -3.81 -3.429 7.673e-16)
(712.47 -3.81 -3.429 9.225e-16)
(720.09 -3.81 -3.429 1.542e-16)
(727.71 -3.81 -3.429 3.048e-16)
(735.33 -3.81 -3.429 5.567e-16)
(742.95 -3.81 -3.429 1e-15)
(750.57 -3.81 -3.429 9.268e-16)
(758.19 -3.81 -3.429 4.542e-16)
(3.81 -3.81 -4.191 4.3191e-13)
(11.43 -3.81 -4.191 4.6346e-13)
(19.05 -3.81 -4.191 7.0263e-14)
(26.67 -3.81 -4.191 2.7113e-13)
(34.29 -3.81 -4.191 4.0965e-13)
(41.91 -3.81 -4.191 3.7651e-13)
(49.53 -3.81 -4.191 3.0889e-13)
(57.15 -3.81 -4.191 2.4343e-13)
(64.77 -3.81 -4.191 3.2437e-13)
(72.39 -3.81 -4.191 8.8469e-15)
(80.01 -3.81 -4.191 1.5694e-14)
(87.63 -3.81 -4.191 1.2396e-14)
(95.25 -3.81 -4.191 6.0012e-15)
(102.87 -3.81 -4.191 1.1887e-14)
(110.49 -3.81 -4.191 9.2268e-15)
(118.11 -3.81 -4.191 1.9339e-14)
(125.73 -3.81 -4.191 1.8066e-14)
(133.35 -3.81 -4.191 1.5572e-14)
(140.97 -3.81 -4.191 5.2013e-15)
(148.59 -3.81 -4.191 1.0285e-14)
(156.21 -3.81 -4.191 1.6039e-14)
(163.83 -3.81 -4.191 5.9476e-15)
(171.45 -3.81 -4.191 1.326e-14)
(179.07 -3.81 -4.191 1.7508e-14)
(186.69 -3.81 -4.191 5.1756e-15)
(194.31 -3.81 -4.191 1.4908e-14)
(201.93 -3.81 -4.191 1.9086e-15)
(209.55 -3.81 -4.191 1.6413e-14)
(217.17 -3.81 -4.191 8.3743e-15)
(224.79 -3.81 -4.191 9.7576e-15)
(232.41 -3.81 -4.191 1.6082e-14)
(240.03 -3.81 -4.191 5.0968e-15)
(247.65 -3.81 -4.191 1.2743e-14)
(255.27 -3.81 -4.191 1.0776e-14)
(262.89 -3.81 -4.191 9.7009e-15)
(270.51 -3.81 -4.191 7.9105e-15)
(278.13 -3.81 -4.191 1.1161e-14)
(285.75 -3.81 -4.191 9.4855e-14)
(293.37 -3.81 -4.191 2.1016e-14)
(300.99 -3.81 -4.191 2.8519e-14)
(308.61 -3.81 -4.191 4.0368e-14)
(316.23 -3.81 -4.191 9.4429e-14)
(323.85 -3.81 -4.191 2.1226e-14)
(331.47 -3.81 -4.191 2.4144e-14)
(339.09 -3.81 -4.191 6.5812e-14)
(346.71 -3.81 -4.191 2.4412e-14)
(354.33 -3.81 -4.191 8.3647e-14)
(361.95 -3.81 -4.191 8.0143e-14)
(369.57 -3.81 -4.191 3.2019e-14)
(377.19 -3.81 -4.191 5.2374e-14)
(384.81 -3.81 -4.191 7.1455e-14)
(392.43 -3.81 -4.191 9.1239e-14)
(400.05 -3.81 -4.191 7.6188e-14)
(407.67 -3.81 -4.191 8.3935e-14)
(415.29 -3.81 -4.191 9.9626e-14)
(422.91 -3.81 -4.191 5.7697e-14)
(430.53 -3.81 -4.191 3.4819e-14)
(438.15 -3.81 -4.191 9.776e-14)
(445.77 -3.81 -4.191 6.993e-14)
(453.39 -3.81 -4.191 2.0333e-14)
(461.01 -3.81 -4.191 9.8704e-14)
(468.63 -3.81 -4.191 8.0563e-14)
(476.25 -3.81 -4.191 8.5936e-14)
(483.87 -3.81 -4.191 7.5507e-14)
(491.49 -3.81 -4.191 2.7937e-14)
(499.11 -3.81 -4.191 4.2102e-14)
(506.73 -3.81 -4.191 8.0005e-13)
(514.35 -3.81 -4.191 8.133e-13)
(521.97 -3.81 -4.191 6.6816e-13)
(529.59 -3.81 -4.191 5.6365e-13)
(537.21 -3.81 -4.191 9.2693e-13)
(544.83 -3.81 -4.191 9.7906e-13)
(552.45 -3.81 -4.191 7.4559e-13)
(560.07 -3.81 -4.191 7.8538e-13)
(567.69 -3.81 -4.191 7.8623e-13)
(575.31 -3.81 -4.191 5.5047e-13)
(582.93 -3.81 -4.191 7.6928e-13)
(590.55 -3.81 -4.191 8.5897e-13)
(598.17 -3.81 -4.191 5.0767e-13)
(605.79 -3.81 -4.191 9.5594e-13)
(613.41 -3.81 -4.191 9.0974e-13)
(621.03 -3.81 -4.191 8.5909e-13)
(628.65 -3.81 -4.191 9.5096e-13)
(636.27 -3.81 -4.191 9.3984e-13)
(643.89 -3.81 -4.191 6.1431e-13)
(651.51 -3.81 -4.191 9.7318e-13)
(659.13 -3.81 -4.191 7.9952e-13)
(666.75 -3.81 -4.191 6.5617e-13)
(674.37 -3.81 -4.191 8.6362e-15)
(681.99 -3.81 -4.191 4.62e-15)
(689.61 -3.81 -4.191 6.8628e-15)
(697.23 -3.81 -4.191 1.097e-14)
(704.85 -3.81 -4.191 1.8175e-14)
(712.47 -3.81 -4.191 1.6946e-14)
(720.09 -3.81 -4.191 5.8405e-15)
(727.71 -3.81 -4.191 1.495e-15)
(735.33 -3.81 -4.191 8.8954e-15)
(742.95 -3.81 -4.191 2.3157e-15)
(750.57 -3.81 -4.191 1.7566e-14)
(758.19 -3.81 -4.191 1.444e-14)
(3.81 -3.81 -4.953 3.9735e-14)
(11.43 -3.81 -4.953 8.335e-14)
(19.05 -3.81 -4.953 9.1767e-14)
(26.67 -3.81 -4.953 7.0748e-14)
(34.29 -3.81 -4.953 9.1304e-14)
(41.91 -3.81 -4.953 8.8092e-14)
(49.53 -3.81 -4.953 9.6164e-14)
(57.15 -3.81 -4.953 6.4831e-14)
(64.77 -3.81 -4.953 4.7384e-14)
(72.39 -3.81 -4.953 2.5426e-14)
(80.01 -3.81 -4.953 4.6561e-14)
(87.63 -3.81 -4.953 7.1373e-13)
(95.25 -3.81 -4.953 6.7624e-13)
(102.87 -3.81 -4.953 8.4478e-13)
(110.49 -3.81 -4.953 9.1905e-13)
(118.11 -3.81 -4.953 9.1811e-13)
(125.73 -3.81 -4.953 8.7784e-13)
(133.35 -3.81 -4.953 7.0222e-13)
(140.97 -3.81 -4.953 9.1062e-13)
(148.59 -3.81 -4.953 8.9829e-13)
(156.21 -3.81 -4.953 7.0215e-13)
(163.83 -3.81 -4.953 6.3925e-13)
(171.45 -3.81 -4.953 5.5984e-13)
(179.07 -3.81 -4.953 8.3253e-13)
(186.69 -3.81 -4.953 5.534e-13)
(194.31 -3.81 -4.953 8.4659e-13)
(201.93 -3.81 -4.953 9.9824e-13)
(209.55 -3.81 -4.953 5.412e-13)
(217.17 -3.81 -4.953 7.826e-13)
(224.79 -3.81 -4.953 6.4145e-13)
(232.41 -3.81 -4.953 5.3849e-13)
(240.03 -3.81 -4.953 9.5552e-13)
(247.65 -3.81 -4.953 6.5628e-13)
(255.27 -3.81 -4.953 9.3622e-13)
(262.89 -3.81 -4.953 6.4316e-13)
(270.51 -3.81 -4.953 5.8626e-13)
(278.13 -3.81 -4.953 8.2525e-13)
(285.75 -3.81 -4.953 7.0728e-13)
(293.37 -3.81 -4.953 8.935e-13)
(300.99 -3.81 -4.953 9.8813e-14)
(308.61 -3.81 -4.953 6.6935e-14)
(316.23 -3.81 -4.953 9.4194e-14)
(323.85 -3.81 -4.953 9.33e-14)
(331.47 -3.81 -4.953 6.0111e-14)
(339.09 -3.81 -4.953 8.1789e-14)
(346.71 -3.81 -4.953 5.4571e-14)
(354.33 -3.81 -4.953 2.9891e-14)
(361.95 -3.81 -4.953 1.7061e-14)
(369.57 -3.81 -4.953 9.3564e-15)
(377.19 -3.81 -4.953 1.7914e-14)
(384.81 -3.81 -4.953 1.8263e-14)
(392.43 -3.81 -4.953 1.9556e-15)
(400.05 -3.81 -4.953 7.4573e-15)
(407.67 -3.81 -4.953 3.6823e-15)
(415.29 -3.81 -4.953 1.5396e-14)
(422.91 -3.81 -4.953 1.9929e-14)
(430.53 -3.81 -4.953 1.3909e-14)
(438.15 -3.81 -4.953 1.6957e-14)
(445.77 -3.81 -4.953 2.5676e-15)
(453.39 -3.81 -4.953 7.6018e-15)
(461.01 -3.81 -4.953 2.1193e-15)
(468.63 -3.81 -4.953 8.4878e-15)
(476.25 -3.81 -4.953 3.9792e-15)
(483.87 -3.81 -4.953 1.0304e-14)
(491.49 -3.81 -4.953 8.7875e-15)
(499.11 -3.81 -4.953 1.8141e-14)
(506.73 -3.81 -4.953 2.029e-15)
(514.35 -3.81 -4.953 9.8913e-15)
(521.97 -3.81 -4.953 1.8714e-14)
(529.59 -3.81 -4.953 2.7136e-15)
(537.21 -3.81 -4.953 1.2124e-14)
(544.83 -3.81 -4.953 1.8556e-14)
(552.45 -3.81 -4.953 3.34e-17)
(560.07 -3.81 -4.953 2.506e-16)
(567.69 -3.81 -4.953 2.373e-16)
(575.31 -3.81 -4.953 3.47e-17)
(582.93 -3.81 -4.953 2.605e-16)
(590.55 -3.81 -4.953 1.764e-16)
(598.17 -3.81 -4.953 5.5258e-13)
(605.79 -3.81 -4.953 7.2234e-13)
(613.41 -3.81 -4.953 6.226e-13)
(621.03 -3.81 -4.953 5.5126e-13)
(628.65 -3.81 -4.953 9.1966e-13)
(636.27 -3.81 -4.953 6.0681e-13)
(643.89 -3.81 -4.953 8.1894e-13)
(651.51 -3.81 -4.953 8.2171e-13)
(659.13 -3.81 -4.953 7.8704e-13)
(666.75 -3.81 -4.953 8.7197e-13)
(674.37 -3.81 -4.953 5.216e-13)
(681.99 -3.81 -4.953 8.6334e-13)
(689.61 -3.81 -4.953 9.3469e-13)
(697.23 -3.81 -4.953 7.7863e-14)
(704.85 -3.81 -4.953 9.6801e-14)
(712.47 -3.81 -4.953 6.2683e-14)
(720.09 -3.81 -4.953 7.1794e-14)
(727.71 -3.81 -4.953 2.4874e-14)
(735.33 -3.81 -4.953 7.7462e-14)
(742.95 -3.81 -4.953 5.4855e-14)
(750.57 -3.81 -4.953 1.311e-16)
(758.19 -3.81 -4.953 8.255e-16)
(3.81 -3.81 -5.715 6.115e-15)
(11.43 -3.81 -5.715 3.7511e-15)
(19.05 -3.81 -5.715 1.9251e-14)
(26.67 -3.81 -5.715 1.8555e-14)
(34.29 -3.81 -5.715 8.3685e-15)
(41.91 -3.81 -5.715 1.5549e-14)
(49.53 -3.81 -5.715 2.7996e-15)
(57.15 -3.81 -5.715 8.9273e-15)
(64.77 -3.81 -5.715 1.8183e-14)
(72.39 -3.81 -5.715 8.4516e-15)
(80.01 -3.81 -5.715 1.5308e-14)
(87.63 -3.81 -5.715 6.1982e-15)
(95.25 -3.81 -5.715 1.9273e-14)
(102.87 -3.81 -5.715 9.6244e-15)
(110.49 -3.81 -5.715 9.452e-16)
(118.11 -3.81 -5.715 3.136e-16)
(125.73 -3.81 -5.715 3.587e-16)
(133.35 -3.81 -5.715 8.33e-16)
(140.97 -3.81 -5.715 6.799e-16)
(148.59 -3.81 -5.715 1.7451e-13)
(156.21 -3.81 -5.715 3.8288e-13)
(163.83 -3.81 -5.715 2.2482e-13)
(171.45 -3.81 -5.715 1.7429e-13)
(179.07 -3.81 -5.715 3.0652e-13)
(186.69 -3.81 -5.715 1.1926e-13)
(194.31 -3.81 -5.715 2.7237e-13)
(201.93 -3.81 -5.715 3.5045e-14)
(209.55 -3.81 -5.715 2.916e-16)
(217.17 -3.81 -5.715 8.289e-16)
(224.79 -3.81 -5.715 9.11e-16)
(232.41 -3.81 -5.715 6.46e-16)
(240.03 -3.81 -5.715 4.918e-16)
(247.65 -3.81 -5.715 7.306e-16)
(255.27 -3.81 -5.715 4.831e-16)
(262.89 -3.81 -5.715 6.787e-16)
(270.51 -3.81 -5.715 1.633e-16)
(278.13 -3.81 -5.715 8.532e-16)
(285.75 -3.81 -5.715 6.26e-16)
(293.37 -3.81 -5.715 7.5399e-15)
(300.99 -3.81 -5.715 5.0314e-15)
(308.61 -3.81 -5.715 7.9241e-15)
(316.23 -3.81 -5.715 8.0728e-15)
(323.85 -3.81 -5.715 2.5853e-15)
(331.47 -3.81 -5.715 1.5437e-14)
(339.09 -3.81 -5.715 5.0314e-14)
(346.71 -3.81 -5.715 5.0966e-13)
(354.33 -3.81 -5.715 5.7391e-13)
(361.95 -3.81 -5.715 9.3517e-13)
(369.57 -3.81 -5.715 6.2413e-13)
(377.19 -3.81 -5.715 9.0797e-13)
(384.81 -3.81 -5.715 6.4405e-13)
(392.43 -3.81 -5.715 5.744e-13)
(400.05 -3.81 -5.715 5.2208e-13)
(407.67 -3.81 -5.715 8.2541e-13)
(415.29 -3.81 -5.715 5.5329e-14)
(422.91 -3.81 -5.715 6.1666e-14)
(430.53 -3.81 -5.715 5.6039e-14)
(438.15 -3.81 -5.715 7.9186e-14)
(445.77 -3.81 -5.715 5.3574e-14)
(453.39 -3.81 -5.715 8.9896e-14)
(461.01 -3.81 -5.715 8.787e-14)
(468.63 -3.81 -5.715 4.5078e-14)
(476.25 -3.81 -5.715 6.7609e-14)
(483.87 -3.81 -5.715 9.6244e-14)
(491.49 -3.81 -5.715 6.1939e-14)
(499.11 -3.81 -5.715 4.4355e-14)
(506.73 -3.81 -5.715 6.7187e-14)
(514.35 -3.81 -5.715 2.4036e-14)
(521.97 -3.81 -5.715 4.8582e-14)
(529.59 -3.81 -5.715 3.6e-17)
(537.21 -3.81 -5.715 9.622e-16)
(544.83 -3.81 -5.715 6.911e-16)
(552.45 -3.81 -5.715 5.075e-16)
(560.07 -3.81 -5.715 9.048e-16)
(567.69 -3.81 -5.715 8.948e-16)
(575.31 -3.81 -5.715 3.207e-16)
(582.93 -3.81 -5.715 1.015e-16)
(590.55 -3.81 -5.715 7.84e-17)
(598.17 -3.81 -5.715 8.813e-16)
(605.79 -3.81 -5.715 9.923e-16)
(613.41 -3.81 -5.715 9.206e-16)
(621.03 -3.81 -5.715 1.706e-16)
(628.65 -3.81 -5.715 4.152e-16)
(636.27 -3.81 -5.715 5.2892e-13)
(643.89 -3.81 -5.715 5.4612e-13)
(651.51 -3.81 -5.715 9.6871e-13)
(659.13 -3.81 -5.715 8.3727e-13)
(666.75 -3.81 -5.715 9.2506e-13)
(674.37 -3.81 -5.715 8.1695e-14)
(681.99 -3.81 -5.715 9.7076e-14)
(689.61 -3.81 -5.715 3.7157e-14)
(697.23 -3.81 -5.715 4.9888e-14)
(704.85 -3.81 -5.715 8.6459e-14)
(712.47 -3.81 -5.715 4.7647e-14)
(720.09 -3.81 -5.715 7.1953e-14)
(727.71 -3.81 -5.715 9.9289e-14)
(735.33 -3.81 -5.715 6.3959e-14)
(742.95 -3.81 -5.715 5.0695e-14)
(750.57 -3.81 -5.715 4.7476e-14)
(758.19 -3.81 -5.715 2.8913e-14)
(3.81 -3.81 -6.477 6.392e-16)
(11.43 -3.81 -6.477 2.006e-16)
(19.05 -3.81 -6.477 2.989e-16)
(26.67 -3.81 -6.477 9.415e-16)
(34.29 -3.81 -6.477 9.514e-16)
(41.91 -3.81 -6.477 1.192e-16)
(49.53 -3.81 -6.477 8.433e-16)
(57.15 -3.81 -6.477 1.259e-16)
(64.77 -3.81 -6.477 5.061e-16)
(72.39 -3.81 -6.477 3.299e-16)
(80.01 -3.81 -6.477 4.277e-16)
(87.63 -3.81 -6.477 8.69e-17)
(95.25 -3.81 -6.477 9.2841e-14)
(102.87 -3.81 -6.477 9.5062e-14)
(110.49 -3.81 -6.477 2.9397e-14)
(118.11 -3.81 -6.477 2.0472e-14)
(125.73 -3.81 -6.477 4.4102e-14)
(133.35 -3.81 -6.477 6.4943e-14)
(140.97 -3.81 -6.477 3.8129e-14)
(148.59 -3.81 -6.477 8.364e-14)
(156.21 -3.81 -6.477 8.216e-14)
(163.83 -3.81 -6.477 8.1159e-14)
(171.45 -3.81 -6.477 7.9976e-14)
(179.07 -3.81 -6.477 1.1121e-14)
(186.69 -3.81 -6.477 1.6925e-14)
(194.31 -3.81 -6.477 1.044e-14)
(201.93 -3.81 -6.477 1.6237e-14)
(209.55 -3.81 -6.477 1.8097e-14)
(217.17 -3.81 -6.477 1.6658e-14)
(224.79 -3.81 -6.477 1.1116e-14)
(232.41 -3.81 -6.477 5.71e-17)
(240.03 -3.81 -6.477 6.217e-16)
(247.65 -3.81 -6.477 3.512e-16)
(255.27 -3.81 -6.477 9.058e-16)
(262.89 -3.81 -6.477 1.812e-16)
(270.51 -3.81 -6.477 9.01e-16)
(278.13 -3.81 -6.477 7.473e-16)
(285.75 -3.81 -6.477 3.5e-16)
(293.37 -3.81 -6.477 2.758e-16)
(300.99 -3.81 -6.477 9.2975e-13)
(308.61 -3.81 -6.477 7.4726e-13)
(316.23 -3.81 -6.477 8.6588e-13)
(323.85 -3.81 -6.477 6.5548e-13)
(331.47 -3.81 -6.477 9.8619e-13)
(339.09 -3.81 -6.477 8.3141e-13)
(346.71 -3.81 -6.477 7.4725e-13)
(354.33 -3.81 -6.477 7.8318e-13)
(361.95 -3.81 -6.477 7.5344e-13)
(369.57 -3.81 -6.477 6.7405e-13)
(377.19 -3.81 -6.477 5.45e-13)
(384.81 -3.81 -6.477 5.3235e-13)
(392.43 -3.81 -6.477 9.7991e-13)
(400.05 -3.81 -6.477 5.5521e-13)
(407.67 -3.81 -6.477 7.0944e-13)
(415.29 -3.81 -6.477 2.0962e-14)
(422.91 -3.81 -6.477 5.96e-14)
(430.53 -3.81 -6.477 5.2895e-14)
(438.15 -3.81 -6.477 4.1399e-14)
(445.77 -3.81 -6.477 3.8757e-14)
(453.39 -3.81 -6.477 5.0458e-14)
(461.01 -3.81 -6.477 2.4054e-14)
(468.63 -3.81 -6.477 7.9633e-14)
(476.25 -3.81 -6.477 6.9265e-14)
(483.87 -3.81 -6.477 5.418e-14)
(491.49 -3.81 -6.477 1.2505e-14)
(499.11 -3.81 -6.477 1.4738e-14)
(506.73 -3.81 -6.477 1.1164e-14)
(514.35 -3.81 -6.477 9.0634e-15)
(521.97 -3.81 -6.477 1.7459e-14)
(529.59 -3.81 -6.477 6.1095e-15)
(537.21 -3.81 -6.477 6.7644e-15)
(544.83 -3.81 -6.477 1.1999e-14)
(552.45 -3.81 -6.477 6.2196e-15)
(560.07 -3.81 -6.477 2.6607e-15)
(567.69 -3.81 -6.477 1.2452e-14)
(575.31 -3.81 -6.477 1.9089e-14)
(582.93 -3.81 -6.477 7.8723e-15)
(590.55 -3.81 -6.477 1.9165e-14)
(598.17 -3.81 -6.477 1.8524e-14)
(605.79 -3.81 -6.477 1.8044e-14)
(613.41 -3.81 -6.477 4.5016e-15)
(621.03 -3.81 -6.477 4.1008e-15)
(628.65 -3.81 -6.477 1.9931e-14)
(636.27 -3.81 -6.477 1.0438e-14)
(643.89 -3.81 -6.477 1.5506e-14)
(651.51 -3.81 -6.477 2.7307e-14)
(659.13 -3.81 -6.477 3.7904e-13)
(666.75 -3.81 -6.477 4.996e-13)
(674.37 -3.81 -6.477 2.3919e-13)
(681.99 -3.81 -6.477 3.7542e-14)
(689.61 -3.81 -6.477 4.0195e-13)
(697.23 -3.81 -6.477 3.6826e-13)
(704.85 -3.81 -6.477 1.4004e-13)
(712.47 -3.81 -6.477 1.1399e-14)
(720.09 -3.81 -6.477 1.9118e-14)
(727.71 -3.81 -6.477 4.4389e-15)
(735.33 -3.81 -6.477 1.8023e-14)
(742.95 -3.81 -6.477 1.0859e-14)
(750.57 -3.81 -6.477 1.248e-14)
(758.19 -3.81 -6.477 3.0325e-14)
(3.81 -3.81 -7.239 3.4862e-14)
(11.43 -3.81 -7.239 2.7739e-14)
(19.05 -3.81 -7.239 8.4432e-14)
(26.67 -3.81 -7.239 8.9856e-14)
(34.29 -3.81 -7.239 2.9462e-14)
(41.91 -3.81 -7.239 4.2186e-14)
(49.53 -3.81 -7.239 4.8312e-14)
(57.15 -3.81 -7.239 9.6016e-14)
(64.77 -3.81 -7.239 7.0317e-14)
(72.39 -3.81 -7.239 2.8216e-14)
(80.01 -3.81 -7.239 8.3748e-14)
(87.63 -3.81 -7.239 8.47e-17)
(95.25 -3.81 -7.239 2.356e-16)
(102.87 -3.81 -7.239 8.866e-16)
(110.49 -3.81 -7.239 5.691e-16)
(118.11 -3.81 -7.239 5.915e-16)
(125.73 -3.81 -7.239 3.355e-16)
(133.35 -3.81 -7.239 7.464e-16)
(140.97 -3.81 -7.239 2.1019e-13)
(148.59 -3.81 -7.239 1.5669e-13)
(156.21 -3.81 -7.239 3.015e-13)
(163.83 -3.81 -7.239 1.0495e-13)
(171.45 -3.81 -7.239 2.9866e-13)
(179.07 -3.81 -7.239 1.6508e-13)
(186.69 -3.81 -7.239 4.2678e-13)
(194.31 -3.81 -7.239 3.4714e-13)
(201.93 -3.81 -7.239 2.6916e-13)
(209.55 -3.81 -7.239 3.1407e-15)
(217.17 -3.81 -7.239 1.5298e-14)
(224.79 -3.81 -7.239 1.8983e-14)
(232.41 -3.81 -7.239 5.1505e-15)
(240.03 -3.81 -7.239 1.8939e-15)
(247.65 -3.81 -7.239 1.3118e-15)
(255.27 -3.81 -7.239 1.8471e-14)
(262.89 -3.81 -7.239 7.8478e-15)
(270.51 -3.81 -7.239 3.8944e-15)
(278.13 -3.81 -7.239 1.1614e-14)
(285.75 -3.81 -7.239 4.2929e-15)
(293.37 -3.81 -7.239 1.9773e-14)
(300.99 -3.81 -7.239 1.8915e-14)
(308.61 -3.81 -7.239 1.125e-15)
(316.23 -3.81 -7.239 1.2114e-14)
(323.85 -3.81 -7.239 1.6248e-14)
(331.47 -3.81 -7.239 1.9153e-14)
(339.09 -3.81 -7.239 4.4566e-15)
(346.71 -3.81 -7.239 3.8082e-15)
(354.33 -3.81 -7.239 6.5665e-15)
(361.95 -3.81 -7.239 1.8798e-14)
(369.57 -3.81 -7.239 6.4763e-15)
(377.19 -3.81 -7.239 4.0186e-15)
(384.81 -3.81 -7.239 1.8559e-14)
(392.43 -3.81 -7.239 1.5903e-15)
(400.05 -3.81 -7.239 5.4917e-13)
(407.67 -3.81 -7.239 7.0321e-13)
(415.29 -3.81 -7.239 6.6198e-13)
(422.91 -3.81 -7.239 9.8377e-13)
(430.53 -3.81 -7.239 5.7099e-13)
(438.15 -3.81 -7.239 6.7871e-13)
(445.77 -3.81 -7.239 7.3539e-13)
(453.39 -3.81 -7.239 6.2391e-13)
(461.01 -3.81 -7.239 9.466e-13)
(468.63 -3.81 -7.239 6.7253e-13)
(476.25 -3.81 -7.239 9.4059e-13)
(483.87 -3.81 -7.239 6.6673e-13)
(491.49 -3.81 -7.239 9.7893e-13)
(499.11 -3.81 -7.239 8.781e-13)
(506.73 -3.81 -7.239 8.9862e-13)
(514.35 -3.81 -7.239 9.1678e-13)
(521.97 -3.81 -7.239 3.694e-13)
(529.59 -3.81 -7.239 3.9053e-13)
(537.21 -3.81 -7.239 3.1291e-13)
(544.83 -3.81 -7.239 1.5394e-13)
(552.45 -3.81 -7.239 3.8237e-13)
(560.07 -3.81 -7.239 1.0495e-13)
(567.69 -3.81 -7.239 6.6111e-14)
(575.31 -3.81 -7.239 3.122e-13)
(582.93 -3.81 -7.239 4.9678e-13)
(590.55 -3.81 -7.239 4.2864e-13)
(598.17 -3.81 -7.239 8.9049e-14)
(605.79 -3.81 -7.239 4.6978e-13)
(613.41 -3.81 -7.239 2.0853e-13)
(621.03 -3.81 -7.239 1.2326e-13)
(628.65 -3.81 -7.239 3.72e-13)
(636.27 -3.81 -7.239 8.9718e-14)
(643.89 -3.81 -7.239 4.7883e-13)
(651.51 -3.81 -7.239 4.5482e-13)
(659.13 -3.81 -7.239 7.3685e-14)
(666.75 -3.81 -7.239 9.074e-13)
(674.37 -3.81 -7.239 8.5952e-13)
(681.99 -3.81 -7.239 9e-13)
(689.61 -3.81 -7.239 5.7245e-13)
(697.23 -3.81 -7.239 7.3725e-13)
(704.85 -3.81 -7.239 6.9588e-13)
(712.47 -3.81 -7.239 9.4763e-13)
(720.09 -3.81 -7.239 8.5202e-13)
(727.71 -3.81 -7.239 8.4546e-13)
(735.33 -3.81 -7.239 7.3554e-13)
(742.95 -3.81 -7.239 9.7136e-13)
(750.57 -3.81 -7.239 6.6341e-13)
(758.19 -3.81 -7.239 5.0141e-13)
(3.81 -3.81 -8.001 8.823e-16)
(11.43 -3.81 -8.001 9.982e-16)
(19.05 -3.81 -8.001 1.1433e-14)
(26.67 -3.81 -8.001 7.1515e-15)
(34.29 -3.81 -8.001 2.2817e-15)
(41.91 -3.81 -8.001 5.6411e-15)
(49.53 -3.81 -8.001 1.0153e-14)
(57.15 -3.81 -8.001 4.468e-15)
(64.77 -3.81 -8.001 1.1218e-14)
(72.39 -3.81 -8.001 1.859e-14)
(80.01 -3.81 -8.001 4.316e-16)
(87.63 -3.81 -8.001 9.676e-16)
(95.25 -3.81 -8.001 2.423e-16)
(102.87 -3.81 -8.001 5.372e-16)
(110.49 -3.81 -8.001 5.86e-17)
(118.11 -3.81 -8.001 3.155e-16)
(125.73 -3.81 -8.001 7.865e-16)
(133.35 -3.81 -8.001 8.399e-16)
(140.97 -3.81 -8.001 6.509e-16)
(148.59 -3.81 -8.001 5.983e-16)
(156.21 -3.81 -8.001 3.767e-16)
(163.83 -3.81 -8.001 8.036e-16)
(171.45 -3.81 -8.001 6.46e-17)
(179.07 -3.81 -8.001 8.9191e-14)
(186.69 -3.81 -8.001 7.9961e-14)
(194.31 -3.81 -8.001 6.3186e-14)
(201.93 -3.81 -8.001 7.2318e-14)
(209.55 -3.81 -8.001 8.2104e-14)
(217.17 -3.81 -8.001 2.9323e-14)
(224.79 -3.81 -8.001 3.9382e-14)
(232.41 -3.81 -8.001 3.7526e-14)
(240.03 -3.81 -8.001 6.3397e-14)
(247.65 -3.81 -8.001 2.7713e-14)
(255.27 -3.81 -8.001 2.9802e-14)
(262.89 -3.81 -8.001 9.6716e-13)
(270.51 -3.81 -8.001 9.3049e-13)
(278.13 -3.81 -8.001 8.2754e-13)
(285.75 -3.81 -8.001 6.742e-13)
(293.37 -3.81 -8.001 6.4527e-13)
(300.99 -3.81 -8.001 9.2714e-13)
(308.61 -3.81 -8.001 5.2132e-13)
(316.23 -3.81 -8.001 9.9065e-13)
(323.85 -3.81 -8.001 5.1574e-13)
(331.47 -3.81 -8.001 5.0355e-13)
(339.09 -3.81 -8.001 8.6544e-13)
(346.71 -3.81 -8.001 9.5683e-13)
(354.33 -3.81 -8.001 5.4568e-13)
(361.95 -3.81 -8.001 5.5198e-13)
(369.57 -3.81 -8.001 6.7538e-13)
(377.19 -3.81 -8.001 9.0323e-13)
(384.81 -3.81 -8.001 7.6614e-13)
(392.43 -3.81 -8.001 5.8335e-13)
(400.05 -3.81 -8.001 8.1498e-13)
(407.67 -3.81 -8.001 5.1338e-13)
(415.29 -3.81 -8.001 7.4089e-13)
(422.91 -3.81 -8.001 6.9598e-13)
(430.53 -3.81 -8.001 6.6513e-13)
(438.15 -3.81 -8.001 7.9259e-13)
(445.77 -3.81 -8.001 5.3518e-13)
(453.39 -3.81 -8.001 5.4433e-13)
(461.01 -3.81 -8.001 5.9259e-13)
(468.63 -3.81 -8.001 5.3668e-13)
(476.25 -3.81 -8.001 6.8445e-13)
(483.87 -3.81 -8.001 8.078e-13)
(491.49 -3.81 -8.001 9.187e-13)
(499.11 -3.81 -8.001 8.0076e-13)
(506.73 -3.81 -8.001 6.6313e-13)
(514.35 -3.81 -8.001 6.5939e-13)
(521.97 -3.81 -8.001 8.8816e-13)
(529.59 -3.81 -8.001 8.6796e-13)
(537.21 -3.81 -8.001 8.5335e-13)
(544.83 -3.81 -8.001 7.3455e-13)
(552.45 -3.81 -8.001 6.3772e-13)
(560.07 -3.81 -8.001 7.182e-13)
(567.69 -3.81 -8.001 5.1371e-13)
(575.31 -3.81 -8.001 5.9984e-13)
(582.93 -3.81 -8.001 6.65e-13)
(590.55 -3.81 -8.001 9.9692e-13)
(598.17 -3.81 -8.001 7.4802e-13)
(605.79 -3.81 -8.001 7.2177e-13)
(613.41 -3.81 -8.001 7.9721e-13)
(621.03 -3.81 -8.001 9.677e-16)
(628.65 -3.81 -8.001 9.482e-16)
(636.27 -3.81 -8.001 8.711e-16)
(643.89 -3.81 -8.001 3.204e-16)
(651.51 -3.81 -8.001 3.3435e-15)
(659.13 -3.81 -8.001 1.5908e-14)
(666.75 -3.81 -8.001 1.6711e-14)
(674.37 -3.81 -8.001 6.5344e-15)
(681.99 -3.81 -8.001 8.029e-15)
(689.61 -3.81 -8.001 4.5244e-14)
(697.23 -3.81 -8.001 3.6556e-13)
(704.85 -3.81 -8.001 1.1703e-13)
(712.47 -3.81 -8.001 1.5122e-13)
(720.09 -3.81 -8.001 1.6645e-13)
(727.71 -3.81 -8.001 1.4798e-13)
(735.33 -3.81 -8.001 2.9506e-13)
(742.95 -3.81 -8.001 4.4258e-13)
(750.57 -3.81 -8.001 1.1017e-13)
(758.19 -3.81 -8.001 4.3658e-13)
(3.81 -3.81 -8.763 1.0043e-14)
(11.43 -3.81 -8.763 8.7679e-15)
(19.05 -3.81 -8.763 9.8478e-15)
(26.67 -3.81 -8.763 6.6253e-15)
(34.29 -3.81 -8.763 9.487e-15)
(41.91 -3.81 -8.763 9.3135e-15)
(49.53 -3.81 -8.763 1.0529e-14)
(57.15 -3.81 -8.763 8.7658e-15)
(64.77 -3.81 -8.763 1.1406e-14)
(72.39 -3.81 -8.763 4.5219e-15)
(80.01 -3.81 -8.763 1.1976e-14)
(87.63 -3.81 -8.763 7.6986e-15)
(95.25 -3.81 -8.763 7.4044e-15)
(102.87 -3.81 -8.763 1.5273e-14)
(110.49 -3.81 -8.763 9.3475e-15)
(118.11 -3.81 -8.763 1.1677e-14)
(125.73 -3.81 -8.763 1.8459e-14)
(133.35 -3.81 -8.763 1.6708e-14)
(140.97 -3.81 -8.763 5.2041e-15)
(148.59 -3.81 -8.763 5.2623e-14)
(156.21 -3.81 -8.763 7.0453e-14)
(163.83 -3.81 -8.763 5.0719e-14)
(171.45 -3.81 -8.763 3.0835e-14)
(179.07 -3.81 -8.763 9.08e-14)
(186.69 -3.81 -8.763 7.8453e-14)
(194.31 -3.81 -8.763 4.9013e-14)
(201.93 -3.81 -8.763 3.2676e-14)
(209.55 -3.81 -8.763 4.4001e-14)
(217.17 -3.81 -8.763 2.6851e-14)
(224.79 -3.81 -8.763 4.8622e-14)
(232.41 -3.81 -8.763 7.7525e-14)
(240.03 -3.81 -8.763 9.6665e-14)
(247.65 -3.81 -8.763 8.8661e-14)
(255.27 -3.81 -8.763 4.457e-14)
(262.89 -3.81 -8.763 5.0856e-14)
(270.51 -3.81 -8.763 8.815e-14)
(278.13 -3.81 -8.763 4.6965e-15)
(285.75 -3.81 -8.763 4.3969e-15)
(293.37 -3.81 -8.763 1.1524e-14)
(300.99 -3.81 -8.763 7.5875e-15)
(308.61 -3.81 -8.763 1.8318e-14)
(316.23 -3.81 -8.763 1.3513e-14)
(323.85 -3.81 -8.763 3.5435e-15)
(331.47 -3.81 -8.763 1.7537e-14)
(339.09 -3.81 -8.763 4.5023e-15)
(346.71 -3.81 -8.763 1.6915e-14)
(354.33 -3.81 -8.763 5.5211e-15)
(361.95 -3.81 -8.763 1.2388e-14)
(369.57 -3.81 -8.763 5.4535e-15)
(377.19 -3.81 -8.763 1.8096e-14)
(384.81 -3.81 -8.763 1.7495e-14)
(392.43 -3.81 -8.763 3.7905e-15)
(400.05 -3.81 -8.763 1.3094e-15)
(407.67 -3.81 -8.763 1.6376e-14)
(415.29 -3.81 -8.763 1.2469e-14)
(422.91 -3.81 -8.763 5.7484e-15)
(430.53 -3.81 -8.763 1.8205e-14)
(438.15 -3.81 -8.763 1.996e-14)
(445.77 -3.81 -8.763 6.4748e-15)
(453.39 -3.81 -8.763 9.6859e-15)
(461.01 -3.81 -8.763 8.3355e-15)
(468.63 -3.81 -8.763 2.0071e-15)
(476.25 -3.81 -8.763 1.4636e-14)
(483.87 -3.81 -8.763 1.6509e-14)
(491.49 -3.81 -8.763 1.5017e-14)
(499.11 -3.81 -8.763 8.6855e-15)
(506.73 -3.81 -8.763 7.2283e-15)
(514.35 -3.81 -8.763 1.1665e-14)
(521.97 -3.81 -8.763 1.4752e-14)
(529.59 -3.81 -8.763 1.2404e-15)
(537.21 -3.81 -8.763 1.7744e-14)
(544.83 -3.81 -8.763 1.6213e-14)
(552.45 -3.81 -8.763 6.2875e-15)
(560.07 -3.81 -8.763 2.054e-15)
(567.69 -3.81 -8.763 3.9539e-15)
(575.31 -3.81 -8.763 4.8749e-15)
(582.93 -3.81 -8.763 4.6824e-15)
(590.55 -3.81 -8.763 1.2709e-14)
(598.17 -3.81 -8.763 1.2969e-14)
(605.79 -3.81 -8.763 1.4108e-14)
(613.41 -3.81 -8.763 1.6366e-14)
(621.03 -3.81 -8.763 8.051e-15)
(628.65 -3.81 -8.763 1.747e-16)
(636.27 -3.81 -8.763 1.147e-16)
(643.89 -3.81 -8.763 6.953e-16)
(651.51 -3.81 -8.763 6.2503e-15)
(659.13 -3.81 -8.763 1.4937e-14)
(666.75 -3.81 -8.763 1.9145e-14)
(674.37 -3.81 -8.763 7.5582e-15)
(681.99 -3.81 -8.763 5.8653e-15)
(689.61 -3.81 -8.763 1.3801e-15)
(697.23 -3.81 -8.763 1.0815e-15)
(704.85 -3.81 -8.763 1.7349e-14)
(712.47 -3.81 -8.763 1.7904e-14)
(720.09 -3.81 -8.763 4.7312e-15)
(727.71 -3.81 -8.763 1.9778e-15)
(735.33 -3.81 -8.763 1.3119e-14)
(742.95 -3.81 -8.763 2.7952e-14)
(750.57 -3.81 -8.763 6.5235e-14)
(758.19 -3.81 -8.763 6.5834e-14)
(3.81 -3.81 -9.525 6.9351e-13)
(11.43 -3.81 -9.525 7.508e-13)
(19.05 -3.81 -9.525 9.1086e-13)
(26.67 -3.81 -9.525 5.5399e-13)
(34.29 -3.81 -9.525 9.6373e-13)
(41.91 -3.81 -9.525 6.8177e-13)
(49.53 -3.81 -9.525 6.4566e-13)
(57.15 -3.81 -9.525 6.6382e-13)
(64.77 -3.81 -9.525 6.5775e-13)
(72.39 -3.81 -9.525 9.7595e-13)
(80.01 -3.81 -9.525 9.5928e-13)
(87.63 -3.81 -9.525 8.1257e-13)
(95.25 -3.81 -9.525 7.1197e-13)
(102.87 -3.81 -9.525 9.529e-13)
(110.49 -3.81 -9.525 8.1815e-13)
(118.11 -3.81 -9.525 7.2094e-13)
(125.73 -3.81 -9.525 5.5253e-13)
(133.35 -3.81 -9.525 5.3914e-13)
(140.97 -3.81 -9.525 7.8782e-13)
(148.59 -3.81 -9.525 5.7593e-13)
(156.21 -3.81 -9.525 7.0249e-14)
(163.83 -3.81 -9.525 9.7897e-14)
(171.45 -3.81 -9.525 6.0271e-14)
(179.07 -3.81 -9.525 5.9937e-14)
(186.69 -3.81 -9.525 2.9349e-14)
(194.31 -3.81 -9.525 3.4827e-14)
(201.93 -3.81 -9.525 4.077e-14)
(209.55 -3.81 -9.525 2.2854e-14)
(217.17 -3.81 -9.525 9.8967e-14)
(224.79 -3.81 -9.525 8.3609e-14)
(232.41 -3.81 -9.525 4.0241e-13)
(240.03 -3.81 -9.525 2.2094e-13)
(247.65 -3.81 -9.525 3.0799e-13)
(255.27 -3.81 -9.525 9.9961e-14)
(262.89 -3.81 -9.525 6.8727e-14)
(270.51 -3.81 -9.525 5.465e-16)
(278.13 -3.81 -9.525 6.203e-16)
(285.75 -3.81 -9.525 1.712e-16)
(293.37 -3.81 -9.525 1.87e-16)
(300.99 -3.81 -9.525 5.994e-16)
(308.61 -3.81 -9.525 6.119e-16)
(316.23 -3.81 -9.525 6.694e-16)
(323.85 -3.81 -9.525 4.35e-16)
(331.47 -3.81 -9.525 8.743e-16)
(339.09 -3.81 -9.525 3.181e-16)
(346.71 -3.81 -9.525 9.67e-17)
(354.33 -3.81 -9.525 1.236e-16)
(361.95 -3.81 -9.525 5.244e-16)
(369.57 -3.81 -9.525 1.769e-16)
(377.19 -3.81 -9.525 7.646e-16)
(384.81 -3.81 -9.525 7.183e-16)
(392.43 -3.81 -9.525 1.341e-16)
(400.05 -3.81 -9.525 5.43e-16)
(407.67 -3.81 -9.525 1.409e-16)
(415.29 -3.81 -9.525 8.232e-16)
(422.91 -3.81 -9.525 1.58e-16)
(430.53 -3.81 -9.525 1.274e-16)
(438.15 -3.81 -9.525 2.779e-16)
(445.77 -3.81 -9.525 6.143e-16)
(453.39 -3.81 -9.525 3.2084e-13)
(461.01 -3.81 -9.525 2.8515e-13)
(468.63 -3.81 -9.525 3.7185e-13)
(476.25 -3.81 -9.525 3.6134e-13)
(483.87 -3.81 -9.525 3.7771e-13)
(491.49 -3.81 -9.525 4.0834e-13)
(499.11 -3.81 -9.525 1.8913e-13)
(506.73 -3.81 -9.525 2.7587e-13)
(514.35 -3.81 -9.525 2.4684e-13)
(521.97 -3.81 -9.525 1.0723e-13)
(529.59 -3.81 -9.525 9.0344e-14)
(537.21 -3.81 -9.525 1.7626e-13)
(544.83 -3.81 -9.525 2.7297e-13)
(552.45 -3.81 -9.525 1.3048e-13)
(560.07 -3.81 -9.525 1.8316e-13)
(567.69 -3.81 -9.525 1.4053e-13)
(575.31 -3.81 -9.525 2.7201e-13)
(582.93 -3.81 -9.525 4.5577e-13)
(590.55 -3.81 -9.525 1.8706e-13)
(598.17 -3.81 -9.525 3.663e-13)
(605.79 -3.81 -9.525 3.1233e-13)
(613.41 -3.81 -9.525 7.1025e-14)
(621.03 -3.81 -9.525 2.1462e-13)
(628.65 -3.81 -9.525 4.5211e-13)
(636.27 -3.81 -9.525 2.064e-14)
(643.89 -3.81 -9.525 5.9095e-14)
(651.51 -3.81 -9.525 9.1569e-14)
(659.13 -3.81 -9.525 7.1424e-14)
(666.75 -3.81 -9.525 6.1598e-14)
(674.37 -3.81 -9.525 4.2102e-14)
(681.99 -3.81 -9.525 2.9004e-14)
(689.61 -3.81 -9.525 5.3634e-14)
(697.23 -3.81 -9.525 9.0791e-14)
(704.85 -3.81 -9.525 8.467e-14)
(712.47 -3.81 -9.525 4.1283e-14)
(720.09 -3.81 -9.525 5.6106e-14)
(727.71 -3.81 -9.525 4.5717e-14)
(735.33 -3.81 -9.525 5.2168e-14)
(742.95 -3.81 -9.525 7.8486e-15)
(750.57 -3.81 -9.525 1.4422e-14)
(758.19 -3.81 -9.525 1.489e-14)
(3.81 -3.81 -10.287 8.899e-16)
(11.43 -3.81 -10.287 9.09e-16)
(19.05 -3.81 -10.287 3.297e-16)
(26.67 -3.81 -10.287 4.383e-16)
(34.29 -3.81 -10.287 9.113e-16)
(41.91 -3.81 -10.287 5.5e-18)
(49.53 -3.81 -10.287 8.187e-16)
(57.15 -3.81 -10.287 1.925e-16)
(64.77 -3.81 -10.287 5.123e-16)
(72.39 -3.81 -10.287 4.967e-16)
(80.01 -3.81 -10.287 7.366e-16)
(87.63 -3.81 -10.287 5.544e-16)
(95.25 -3.81 -10.287 4.661e-16)
(102.87 -3.81 -10.287 3.4888e-13)
(110.49 -3.81 -10.287 1.0916e-13)
(118.11 -3.81 -10.287 4.6046e-13)
(125.73 -3.81 -10.287 1.5295e-13)
(133.35 -3.81 -10.287 1.6977e-13)
(140.97 -3.81 -10.287 5.2371e-14)
(148.59 -3.81 -10.287 3.8258e-13)
(156.21 -3.81 -10.287 2.7301e-13)
(163.83 -3.81 -10.287 3.4231e-13)
(171.45 -3.81 -10.287 2.7682e-13)
(179.07 -3.81 -10.287 2.0526e-13)
(186.69 -3.81 -10.287 5.246e-16)
(194.31 -3.81 -10.287 7.062e-16)
(201.93 -3.81 -10.287 4.211e-16)
(209.55 -3.81 -10.287 9.994e-16)
(217.17 -3.81 -10.287 3.941e-16)
(224.79 -3.81 -10.287 1.536e-16)
(232.41 -3.81 -10.287 6.073e-16)
(240.03 -3.81 -10.287 7.967e-16)
(247.65 -3.81 -10.287 4.491e-16)
(255.27 -3.81 -10.287 4.69e-17)
(262.89 -3.81 -10.287 7.862e-16)
(270.51 -3.81 -10.287 9.758e-16)
(278.13 -3.81 -10.287 1.613e-16)
(285.75 -3.81 -10.287 3.33e-17)
(293.37 -3.81 -10.287 9.171e-16)
(300.99 -3.81 -10.287 3.836e-16)
(308.61 -3.81 -10.287 2.74e-16)
(316.23 -3.81 -10.287 2.041e-16)
(323.85 -3.81 -10.287 3.259e-16)
(331.47 -3.81 -10.287 9.019e-16)
(339.09 -3.81 -10.287 9.906e-16)
(346.71 -3.81 -10.287 6.3557e-15)
(354.33 -3.81 -10.287 1.7904e-14)
(361.95 -3.81 -10.287 1.3189e-14)
(369.57 -3.81 -10.287 4.1116e-15)
(377.19 -3.81 -10.287 1.6397e-14)
(384.81 -3.81 -10.287 5.3851e-15)
(392.43 -3.81 -10.287 3.365e-15)
(400.05 -3.81 -10.287 1.01e-14)
(407.67 -3.81 -10.287 7.4241e-15)
(415.29 -3.81 -10.287 1.8052e-14)
(422.91 -3.81 -10.287 9.9998e-15)
(430.53 -3.81 -10.287 1.3252e-14)
(438.15 -3.81 -10.287 1.2564e-14)
(445.77 -3.81 -10.287 1.1543e-14)
(453.39 -3.81 -10.287 1.2403e-14)
(461.01 -3.81 -10.287 1.2021e-14)
(468.63 -3.81 -10.287 1.52e-14)
(476.25 -3.81 -10.287 4.2695e-15)
(483.87 -3.81 -10.287 8.4216e-15)
(491.49 -3.81 -10.287 1.2412e-14)
(499.11 -3.81 -10.287 9.5312e-15)
(506.73 -3.81 -10.287 4.9724e-15)
(514.35 -3.81 -10.287 1.8e-14)
(521.97 -3.81 -10.287 1.2546e-14)
(529.59 -3.81 -10.287 4.139e-15)
(537.21 -3.81 -10.287 1.629e-14)
(544.83 -3.81 -10.287 1.0743e-14)
(552.45 -3.81 -10.287 6.2192e-15)
(560.07 -3.81 -10.287 6.5454e-15)
(567.69 -3.81 -10.287 1.9319e-14)
(575.31 -3.81 -10.287 4.4825e-15)
(582.93 -3.81 -10.287 5.4672e-15)
(590.55 -3.81 -10.287 7.7778e-15)
(598.17 -3.81 -10.287 1.5174e-14)
(605.79 -3.81 -10.287 1.1833e-14)
(613.41 -3.81 -10.287 6.1279e-15)
(621.03 -3.81 -10.287 4.9309e-15)
(628.65 -3.81 -10.287 9.5566e-15)
(636.27 -3.81 -10.287 5.7579e-15)
(643.89 -3.81 -10.287 1.0403e-14)
(651.51 -3.81 -10.287 4.7293e-15)
(659.13 -3.81 -10.287 1.6311e-14)
(666.75 -3.81 -10.287 1.8134e-14)
(674.37 -3.81 -10.287 1.1422e-14)
(681.99 -3.81 -10.287 8.0901e-15)
(689.61 -3.81 -10.287 3.9895e-15)
(697.23 -3.81 -10.287 1.0311e-14)
(704.85 -3.81 -10.287 1.5802e-14)
(712.47 -3.81 -10.287 1.3685e-14)
(720.09 -3.81 -10.287 1.3417e-14)
(727.71 -3.81 -10.287 9.6722e-15)
(735.33 -3.81 -10.287 9.2123e-15)
(742.95 -3.81 -10.287 2.5037e-15)
(750.57 -3.81 -10.287 9.2481e-15)
(758.19 -3.81 -10.287 1.8203e-14)
(3.81 -3.81 -11.049 9.223e-14)
(11.43 -3.81 -11.049 2.2745e-14)
(19.05 -3.81 -11.049 6.0782e-14)
(26.67 -3.81 -11.049 8.389e-14)
(34.29 -3.81 -11.049 8.7654e-14)
(41.91 -3.81 -11.049 3.7989e-14)
(49.53 -3.81 -11.049 9.4304e-14)
(57.15 -3.81 -11.049 6.2266e-14)
(64.77 -3.81 -11.049 3.4935e-14)
(72.39 -3.81 -11.049 8.0994e-14)
(80.01 -3.81 -11.049 9.8847e-14)
(87.63 -3.81 -11.049 5.5331e-14)
(95.25 -3.81 -11.049 8.7774e-14)
(102.87 -3.81 -11.049 8.8173e-14)
(110.49 -3.81 -11.049 3.535e-16)
(118.11 -3.81 -11.049 5.08e-17)
(125.73 -3.81 -11.049 7.359e-16)
(133.35 -3.81 -11.049 5.464e-16)
(140.97 -3.81 -11.049 1.603e-16)
(148.59 -3.81 -11.049 6.802e-16)
(156.21 -3.81 -11.049 6.859e-16)
(163.83 -3.81 -11.049 6.802e-16)
(171.45 -3.81 -11.049 9.276e-16)
(179.07 -3.81 -11.049 4.118e-16)
(186.69 -3.81 -11.049 3.931e-16)
(194.31 -3.81 -11.049 8.118e-16)
(201.93 -3.81 -11.049 1.0702e-14)
(209.55 -3.81 -11.049 1.2688e-15)
(217.17 -3.81 -11.049 7.6869e-15)
(224.79 -3.81 -11.049 4.0032e-15)
(232.41 -3.81 -11.049 1.5814e-15)
(240.03 -3.81 -11.049 1.7846e-14)
(247.65 -3.81 -11.049 1.6137e-14)
(255.27 -3.81 -11.049 1.1124e-14)
(262.89 -3.81 -11.049 1.6494e-14)
(270.51 -3.81 -11.049 9.9611e-13)
(278.13 -3.81 -11.049 8.1713e-13)
(285.75 -3.81 -11.049 6.4184e-13)
(293.37 -3.81 -11.049 6.6837e-13)
(300.99 -3.81 -11.049 8.9865e-13)
(308.61 -3.81 -11.049 6.923e-13)
(316.23 -3.81 -11.049 6.1502e-13)
(323.85 -3.81 -11.049 5.7352e-13)
(331.47 -3.81 -11.049 6.0435e-13)
(339.09 -3.81 -11.049 5.5869e-13)
(346.71 -3.81 -11.049 6.009e-16)
(354.33 -3.81 -11.049 8.177e-16)
(361.95 -3.81 -11.049 5.117e-16)
(369.57 -3.81 -11.049 3.902e-16)
(377.19 -3.81 -11.049 9.705e-16)
(384.81 -3.81 -11.049 8.755e-16)
(392.43 -3.81 -11.049 3.058e-16)
(400.05 -3.81 -11.049 1.838e-16)
(407.67 -3.81 -11.049 2.001e-16)
(415.29 -3.81 -11.049 7.416e-16)
(422.91 -3.81 -11.049 4.439e-16)
(430.53 -3.81 -11.049 8.419e-16)
(438.15 -3.81 -11.049 3.689e-16)
(445.77 -3.81 -11.049 8.3363e-13)
(453.39 -3.81 -11.049 9.8482e-13)
(461.01 -3.81 -11.049 5.0484e-13)
(468.63 -3.81 -11.049 8.5884e-13)
(476.25 -3.81 -11.049 8.3677e-13)
(483.87 -3.81 -11.049 5.2773e-13)
(491.49 -3.81 -11.049 2.1596e-13)
(499.11 -3.81 -11.049 2.0775e-13)
(506.73 -3.81 -11.049 2.5673e-13)
(514.35 -3.81 -11.049 3.1151e-14)
(521.97 -3.81 -11.049 2.1354e-13)
(529.59 -3.81 -11.049 3.3002e-13)
(537.21 -3.81 -11.049 2.6186e-13)
(544.83 -3.81 -11.049 7.1888e-14)
(552.45 -3.81 -11.049 4.0372e-13)
(560.07 -3.81 -11.049 7.2124e-15)
(567.69 -3.81 -11.049 1.2282e-14)
(575.31 -3.81 -11.049 1.9835e-14)
(582.93 -3.81 -11.049 1.3256e-14)
(590.55 -3.81 -11.049 1.6154e-14)
(598.17 -3.81 -11.049 6.8645e-15)
(605.79 -3.81 -11.049 8.6226e-15)
(613.41 -3.81 -11.049 3.5823e-15)
(621.03 -3.81 -11.049 8.506e-16)
(628.65 -3.81 -11.049 5.47e-16)
(636.27 -3.81 -11.049 9.595e-16)
(643.89 -3.81 -11.049 7.955e-16)
(651.51 -3.81 -11.049 3.693e-16)
(659.13 -3.81 -11.049 6.27e-16)
(666.75 -3.81 -11.049 2.935e-16)
(674.37 -3.81 -11.049 6.162e-16)
(681.99 -3.81 -11.049 9.567e-16)
(689.61 -3.81 -11.049 1.999e-16)
(697.23 -3.81 -11.049 7.183e-16)
(704.85 -3.81 -11.049 3.904e-16)
(712.47 -3.81 -11.049 8.784e-16)
(720.09 -3.81 -11.049 1.837e-16)
(727.71 -3.81 -11.049 1.811e-16)
(735.33 -3.81 -11.049 6.471e-16)
(742.95 -3.81 -11.049 9.94e-16)
(750.57 -3.81 -11.049 7.03e-16)
(758.19 -3.81 -11.049 1.905e-16)
(3.81 -3.81 -11.811 3.4398e-14)
(11.43 -3.81 -11.811 3.4898e-14)
(19.05 -3.81 -11.811 3.7215e-14)
(26.67 -3.81 -11.811 8.5472e-14)
(34.29 -3.81 -11.811 4.6847e-14)
(41.91 -3.81 -11.811 7.4325e-14)
(49.53 -3.81 -11.811 6.374e-14)
(57.15 -3.81 -11.811 7.8873e-14)
(64.77 -3.81 -11.811 9.8335e-14)
(72.39 -3.81 -11.811 5.8009e-14)
(80.01 -3.81 -11.811 2.2783e-14)
(87.63 -3.81 -11.811 6.1327e-14)
(95.25 -3.81 -11.811 9.7673e-14)
(102.87 -3.81 -11.811 7.3337e-14)
(110.49 -3.81 -11.811 9.3741e-14)
(118.11 -3.81 -11.811 5.2683e-14)
(125.73 -3.81 -11.811 4.8596e-14)
(133.35 -3.81 -11.811 8.6366e-14)
(140.97 -3.81 -11.811 9.8434e-14)
(148.59 -3.81 -11.811 9.8958e-14)
(156.21 -3.81 -11.811 2.476e-14)
(163.83 -3.81 -11.811 1.4496e-14)
(171.45 -3.81 -11.811 4.8248e-15)
(179.07 -3.81 -11.811 1.6994e-14)
(186.69 -3.81 -11.811 1.1626e-14)
(194.31 -3.81 -11.811 1.8366e-14)
(201.93 -3.81 -11.811 1.0124e-14)
(209.55 -3.81 -11.811 6.0366e-15)
(217.17 -3.81 -11.811 1.2173e-14)
(224.79 -3.81 -11.811 1.2239e-14)
(232.41 -3.81 -11.811 6.8077e-15)
(240.03 -3.81 -11.811 1.8831e-14)
(247.65 -3.81 -11.811 1.6458e-14)
(255.27 -3.81 -11.811 3.4176e-15)
(262.89 -3.81 -11.811 9.4847e-15)
(270.51 -3.81 -11.811 1.2795e-14)
(278.13 -3.81 -11.811 1.1025e-14)
(285.75 -3.81 -11.811 1.67e-14)
(293.37 -3.81 -11.811 1.3151e-14)
(300.99 -3.81 -11.811 8.6845e-14)
(308.61 -3.81 -11.811 4.6686e-14)
(316.23 -3.81 -11.811 6.8196e-14)
(323.85 -3.81 -11.811 4.2111e-14)
(331.47 -3.81 -11.811 6.4672e-14)
(339.09 -3.81 -11.811 8.6696e-14)
(346.71 -3.81 -11.811 7.3207e-14)
(354.33 -3.81 -11.811 2.735e-14)
(361.95 -3.81 -11.811 9.2367e-14)
(369.57 -3.81 -11.811 4.5353e-14)
(377.19 -3.81 -11.811 3.6574e-14)
(384.81 -3.81 -11.811 8.8072e-14)
(392.43 -3.81 -11.811 8.5323e-14)
(400.05 -3.81 -11.811 5.5685e-14)
(407.67 -3.81 -11.811 2.7402e-14)
(415.29 -3.81 -11.811 2.2894e-14)
(422.91 -3.81 -11.811 8.0107e-14)
(430.53 -3.81 -11.811 9.5647e-14)
(438.15 -3.81 -11.811 6.3468e-14)
(445.77 -3.81 -11.811 6.2855e-14)
(453.39 -3.81 -11.811 4.9458e-14)
(461.01 -3.81 -11.811 4.3113e-14)
(468.63 -3.81 -11.811 8.6221e-14)
(476.25 -3.81 -11.811 4.6416e-14)
(483.87 -3.81 -11.811 3.7285e-14)
(491.49 -3.81 -11.811 5.088e-14)
(499.11 -3.81 -11.811 9.5782e-14)
(506.73 -3.81 -11.811 3.4459e-14)
(514.35 -3.81 -11.811 5.3669e-14)
(521.97 -3.81 -11.811 4.1666e-14)
(529.59 -3.81 -11.811 4.5944e-14)
(537.21 -3.81 -11.811 4.5289e-14)
(544.83 -3.81 -11.811 3.74e-16)
(552.45 -3.81 -11.811 7.891e-16)
(560.07 -3.81 -11.811 4.902e-16)
(567.69 -3.81 -11.811 1.213e-16)
(575.31 -3.81 -11.811 4.168e-16)
(582.93 -3.81 -11.811 2.855e-16)
(590.55 -3.81 -11.811 1.15e-13)
(598.17 -3.81 -11.811 8.9778e-14)
(605.79 -3.81 -11.811 2.3396e-13)
(613.41 -3.81 -11.811 3.553e-13)
(621.03 -3.81 -11.811 1.225e-14)
(628.65 -3.81 -11.811 4.1331e-13)
(636.27 -3.81 -11.811 4.8476e-13)
(643.89 -3.81 -11.811 3.9601e-13)
(651.51 -3.81 -11.811 4.5644e-13)
(659.13 -3.81 -11.811 4.2294e-13)
(666.75 -3.81 -11.811 3.8216e-13)
(674.37 -3.81 -11.811 4.9648e-13)
(681.99 -3.81 -11.811 2.7864e-14)
(689.61 -3.81 -11.811 1.786e-13)
(697.23 -3.81 -11.811 4.1294e-13)
(704.85 -3.81 -11.811 4.8883e-14)
(712.47 -3.81 -11.811 3.3873e-14)
(720.09 -3.81 -11.811 4.4379e-13)
(727.71 -3.81 -11.811 3.6909e-13)
(735.33 -3.81 -11.811 4.7716e-13)
(742.95 -3.81 -11.811 1.6512e-13)
(750.57 -3.81 -11.811 7.0067e-15)
(758.19 -3.81 -11.811 1.9849e-14)
(3.81 -3.81 -12.573 1.5499e-14)
(11.43 -3.81 -12.573 2.6335e-15)
(19.05 -3.81 -12.573 7.222e-15)
(26.67 -3.81 -12.573 1.0554e-14)
(34.29 -3.81 -12.573 8.1067e-15)
(41.91 -3.81 -12.573 9.543e-15)
(49.53 -3.81 -12.573 8.1882e-15)
(57.15 -3.81 -12.573 2.8117e-15)
(64.77 -3.81 -12.573 1.6793e-14)
(72.39 -3.81 -12.573 1.7e-14)
(80.01 -3.81 -12.573 9.9549e-15)
(87.63 -3.81 -12.573 1.8123e-14)
(95.25 -3.81 -12.573 1.4393e-14)
(102.87 -3.81 -12.573 2.0838e-15)
(110.49 -3.81 -12.573 5.0537e-15)
(118.11 -3.81 -12.573 1.2741e-14)
(125.73 -3.81 -12.573 1.5213e-14)
(133.35 -3.81 -12.573 1.1548e-14)
(140.97 -3.81 -12.573 3.1418e-15)
(148.59 -3.81 -12.573 1.6747e-14)
(156.21 -3.81 -12.573 7.3386e-15)
(163.83 -3.81 -12.573 1.813e-14)
(171.45 -3.81 -12.573 1.3153e-15)
(179.07 -3.81 -12.573 9.3634e-15)
(186.69 -3.81 -12.573 1.7954e-14)
(194.31 -3.81 -12.573 4.8674e-15)
(201.93 -3.81 -12.573 1.1421e-14)
(209.55 -3.81 -12.573 3.2682e-15)
(217.17 -3.81 -12.573 7.6476e-15)
(224.79 -3.81 -12.573 1.1405e-14)
(232.41 -3.81 -12.573 1.1369e-14)
(240.03 -3.81 -12.573 1.4905e-14)
(247.65 -3.81 -12.573 1.173e-14)
(255.27 -3.81 -12.573 9.3134e-15)
(262.89 -3.81 -12.573 1.0446e-14)
(270.51 -3.81 -12.573 1.5796e-14)
(278.13 -3.81 -12.573 1.5541e-14)
(285.75 -3.81 -12.573 5.3964e-15)
(293.37 -3.81 -12.573 9.804e-16)
(300.99 -3.81 -12.573 8.347e-16)
(308.61 -3.81 -12.573 9.878e-16)
(316.23 -3.81 -12.573 5.797e-16)
(323.85 -3.81 -12.573 1.002e-16)
(331.47 -3.81 -12.573 9.845e-16)
(339.09 -3.81 -12.573 5.138e-16)
(346.71 -3.81 -12.573 8.61e-16)
(354.33 -3.81 -12.573 9.22e-16)
(361.95 -3.81 -12.573 2.627e-16)
(369.57 -3.81 -12.573 3.066e-16)
(377.19 -3.81 -12.573 6.232e-16)
(384.81 -3.81 -12.573 9.174e-16)
(392.43 -3.81 -12.573 8.71e-17)
(400.05 -3.81 -12.573 4.499e-16)
(407.67 -3.81 -12.573 5.0807e-13)
(415.29 -3.81 -12.573 6.9685e-13)
(422.91 -3.81 -12.573 8.4973e-13)
(430.53 -3.81 -12.573 6.6831e-14)
(438.15 -3.81 -12.573 3.8719e-14)
(445.77 -3.81 -12.573 9.4835e-14)
(453.39 -3.81 -12.573 6.8403e-14)
(461.01 -3.81 -12.573 4.8049e-14)
(468.63 -3.81 -12.573 9.5916e-14)
(476.25 -3.81 -12.573 8.7271e-14)
(483.87 -3.81 -12.573 2.0344e-14)
(491.49 -3.81 -12.573 8.515e-14)
(499.11 -3.81 -12.573 8.0048e-14)
(506.73 -3.81 -12.573 6.478e-14)
(514.35 -3.81 -12.573 3.8752e-14)
(521.97 -3.81 -12.573 9.329e-14)
(529.59 -3.81 -12.573 6.6641e-14)
(537.21 -3.81 -12.573 3.0446e-14)
(544.83 -3.81 -12.573 3.6456e-14)
(552.45 -3.81 -12.573 9.2234e-14)
(560.07 -3.81 -12.573 3.4582e-14)
(567.69 -3.81 -12.573 1.9086e-13)
(575.31 -3.81 -12.573 8.033e-14)
(582.93 -3.81 -12.573 1.1654e-13)
(590.55 -3.81 -12.573 2.4303e-13)
(598.17 -3.81 -12.573 2.2416e-13)
(605.79 -3.81 -12.573 2.4765e-13)
(613.41 -3.81 -12.573 1.5854e-13)
(621.03 -3.81 -12.573 3.9473e-13)
(628.65 -3.81 -12.573 3.1954e-13)
(636.27 -3.81 -12.573 2.7157e-13)
(643.89 -3.81 -12.573 2.7709e-13)
(651.51 -3.81 -12.573 4.9542e-13)
(659.13 -3.81 -12.573 9.2486e-14)
(666.75 -3.81 -12.573 3.629e-13)
(674.37 -3.81 -12.573 4.5925e-14)
(681.99 -3.81 -12.573 5.944e-13)
(689.61 -3.81 -12.573 7.297e-13)
(697.23 -3.81 -12.573 6.4791e-13)
(704.85 -3.81 -12.573 7.0878e-13)
(712.47 -3.81 -12.573 5.04e-13)
(720.09 -3.81 -12.573 5.2666e-13)
(727.71 -3.81 -12.573 5.2952e-13)
(735.33 -3.81 -12.573 6.2714e-13)
(742.95 -3.81 -12.573 5.7115e-13)
(750.57 -3.81 -12.573 5.0369e-13)
(758.19 -3.81 -12.573 8.6848e-13)
(3.81 -3.81 -13.335 4.4463e-13)
(11.43 -3.81 -13.335 5.4471e-14)
(19.05 -3.81 -13.335 2.632e-14)
(26.67 -3.81 -13.335 6.7314e-14)
(34.29 -3.81 -13.335 2.1304e-14)
(41.91 -3.81 -13.335 4.4301e-14)
(49.53 -3.81 -13.335 9.3133e-14)
(57.15 -3.81 -13.335 5.5259e-14)
(64.77 -3.81 -13.335 8.351e-14)
(72.39 -3.81 -13.335 3.9504e-14)
(80.01 -3.81 -13.335 6.8425e-13)
(87.63 -3.81 -13.335 8.5192e-13)
(95.25 -3.81 -13.335 8.2131e-13)
(102.87 -3.81 -13.335 9.3979e-13)
(110.49 -3.81 -13.335 5.5942e-14)
(118.11 -3.81 -13.335 3.2271e-14)
(125.73 -3.81 -13.335 9.398e-14)
(133.35 -3.81 -13.335 5.3974e-14)
(140.97 -3.81 -13.335 1.8491e-14)
(148.59 -3.81 -13.335 5.5736e-15)
(156.21 -3.81 -13.335 7.7089e-15)
(163.83 -3.81 -13.335 1.7436e-14)
(171.45 -3.81 -13.335 1.0325e-14)
(179.07 -3.81 -13.335 6.3839e-15)
(186.69 -3.81 -13.335 4.3926e-15)
(194.31 -3.81 -13.335 3.7878e-15)
(201.93 -3.81 -13.335 1.0032e-15)
(209.55 -3.81 -13.335 1.3399e-14)
(217.17 -3.81 -13.335 8.1747e-15)
(224.79 -3.81 -13.335 7.8988e-15)
(232.41 -3.81 -13.335 1.2559e-14)
(240.03 -3.81 -13.335 1.9257e-14)
(247.65 -3.81 -13.335 1.6957e-14)
(255.27 -3.81 -13.335 1.8909e-14)
(262.89 -3.81 -13.335 1.9653e-14)
(270.51 -3.81 -13.335 5.7391e-15)
(278.13 -3.81 -13.335 1.1552e-14)
(285.75 -3.81 -13.335 1.6883e-14)
(293.37 -3.81 -13.335 1.014e-14)
(300.99 -3.81 -13.335 4.3365e-15)
(308.61 -3.81 -13.335 8.42e-14)
(316.23 -3.81 -13.335 7.633e-14)
(323.85 -3.81 -13.335 4.7919e-14)
(331.47 -3.81 -13.335 3.6042e-14)
(339.09 -3.81 -13.335 4.6802e-14)
(346.71 -3.81 -13.335 2.8426e-14)
(354.33 -3.81 -13.335 9.1793e-14)
(361.95 -3.81 -13.335 8.212e-14)
(369.57 -3.81 -13.335 6.5588e-14)
(377.19 -3.81 -13.335 7.4623e-14)
(384.81 -3.81 -13.335 7.5608e-14)
(392.43 -3.81 -13.335 6.2765e-14)
(400.05 -3.81 -13.335 8.1961e-14)
(407.67 -3.81 -13.335 4.8177e-14)
(415.29 -3.81 -13.335 8.0414e-14)
(422.91 -3.81 -13.335 5.7757e-14)
(430.53 -3.81 -13.335 4.0365e-14)
(438.15 -3.81 -13.335 5.914e-14)
(445.77 -3.81 -13.335 7.7807e-14)
(453.39 -3.81 -13.335 3.117e-14)
(461.01 -3.81 -13.335 6.3296e-14)
(468.63 -3.81 -13.335 2.9362e-14)
(476.25 -3.81 -13.335 2.4927e-14)
(483.87 -3.81 -13.335 8.6378e-14)
(491.49 -3.81 -13.335 6.6294e-14)
(499.11 -3.81 -13.335 2.7489e-14)
(506.73 -3.81 -13.335 6.2166e-13)
(514.35 -3.81 -13.335 8.8156e-13)
(521.97 -3.81 -13.335 9.5592e-13)
(529.59 -3.81 -13.335 6.4977e-13)
(537.21 -3.81 -13.335 9.6661e-13)
(544.83 -3.81 -13.335 6.3846e-13)
(552.45 -3.81 -13.335 9.3681e-13)
(560.07 -3.81 -13.335 9.1267e-13)
(567.69 -3.81 -13.335 5.8928e-13)
(575.31 -3.81 -13.335 2.0951e-14)
(582.93 -3.81 -13.335 8.1802e-14)
(590.55 -3.81 -13.335 3.2715e-14)
(598.17 -3.81 -13.335 6.7681e-14)
(605.79 -3.81 -13.335 2.8003e-14)
(613.41 -3.81 -13.335 2.6414e-14)
(621.03 -3.81 -13.335 4.9861e-14)
(628.65 -3.81 -13.335 6.4719e-14)
(636.27 -3.81 -13.335 4.8167e-14)
(643.89 -3.81 -13.335 6.95e-14)
(651.51 -3.81 -13.335 4.5097e-14)
(659.13 -3.81 -13.335 5.0823e-14)
(666.75 -3.81 -13.335 5.5597e-14)
(674.37 -3.81 -13.335 7.9882e-14)
(681.99 -3.81 -13.335 8.285e-14)
(689.61 -3.81 -13.335 6.1966e-14)
(697.23 -3.81 -13.335 2.8744e-14)
(704.85 -3.81 -13.335 6.4429e-14)
(712.47 -3.81 -13.335 7.9344e-14)
(720.09 -3.81 -13.335 7.9662e-14)
(727.71 -3.81 -13.335 4.5356e-14)
(735.33 -3.81 -13.335 2.3057e-14)
(742.95 -3.81 -13.335 5.76e-14)
(750.57 -3.81 -13.335 4.5978e-14)
(758.19 -3.81 -13.335 5.7476e-14)
(3.81 -3.81 -14.097 1e-18)
(11.43 -3.81 -14.097 9.436e-16)
(19.05 -3.81 -14.097 2.4e-18)
(26.67 -3.81 -14.097 1.58e-17)
(34.29 -3.81 -14.097 2.65e-17)
(41.91 -3.81 -14.097 1.81e-16)
(49.53 -3.81 -14.097 9.7923e-14)
(57.15 -3.81 -14.097 8.5438e-14)
(64.77 -3.81 -14.097 7.3015e-14)
(72.39 -3.81 -14.097 3.3222e-14)
(80.01 -3.81 -14.097 7.0562e-14)
(87.63 -3.81 -14.097 7.7756e-14)
(95.25 -3.81 -14.097 7.1638e-14)
(102.87 -3.81 -14.097 4.7407e-14)
(110.49 -3.81 -14.097 8.9987e-14)
(118.11 -3.81 -14.097 2.1256e-14)
(125.73 -3.81 -14.097 8.1867e-14)
(133.35 -3.81 -14.097 4.6448e-14)
(140.97 -3.81 -14.097 7.0895e-14)
(148.59 -3.81 -14.097 7.0534e-14)
(156.21 -3.81 -14.097 8.789e-14)
(163.83 -3.81 -14.097 8.8812e-14)
(171.45 -3.81 -14.097 8.5716e-14)
(179.07 -3.81 -14.097 2.6674e-14)
(186.69 -3.81 -14.097 6.9128e-14)
(194.31 -3.81 -14.097 7.6948e-14)
(201.93 -3.81 -14.097 3.7741e-13)
(209.55 -3.81 -14.097 2.9848e-13)
(217.17 -3.81 -14.097 1.5476e-13)
(224.79 -3.81 -14.097 1.7318e-13)
(232.41 -3.81 -14.097 2.1569e-13)
(240.03 -3.81 -14.097 4.6067e-13)
(247.65 -3.81 -14.097 2.4303e-13)
(255.27 -3.81 -14.097 3.1088e-13)
(262.89 -3.81 -14.097 3.8141e-13)
(270.51 -3.81 -14.097 4.0087e-15)
(278.13 -3.81 -14.097 3.6325e-13)
(285.75 -3.81 -14.097 2.7965e-13)
(293.37 -3.81 -14.097 2.9101e-13)
(300.99 -3.81 -14.097 3.2212e-13)
(308.61 -3.81 -14.097 7.565e-14)
(316.23 -3.81 -14.097 4.0207e-13)
(323.85 -3.81 -14.097 3.1358e-14)
(331.47 -3.81 -14.097 1.7435e-13)
(339.09 -3.81 -14.097 1.2652e-13)
(346.71 -3.81 -14.097 1.3207e-13)
(354.33 -3.81 -14.097 3.9097e-13)
(361.95 -3.81 -14.097 2.1701e-13)
(369.57 -3.81 -14.097 4.7944e-13)
(377.19 -3.81 -14.097 8.617e-14)
(384.81 -3.81 -14.097 3.9128e-13)
(392.43 -3.81 -14.097 3.465e-14)
(400.05 -3.81 -14.097 3.465e-13)
(407.67 -3.81 -14.097 8.8041e-14)
(415.29 -3.81 -14.097 4.9138e-14)
(422.91 -3.81 -14.097 7.2595e-14)
(430.53 -3.81 -14.097 6.4866e-14)
(438.15 -3.81 -14.097 7.8679e-14)
(445.77 -3.81 -14.097 5.9715e-14)
(453.39 -3.81 -14.097 7.4137e-14)
(461.01 -3.81 -14.097 3.5737e-14)
(468.63 -3.81 -14.097 9.1436e-14)
(476.25 -3.81 -14.097 8.39e-14)
(483.87 -3.81 -14.097 9.001e-14)
(491.49 -3.81 -14.097 9.3941e-14)
(499.11 -3.81 -14.097 3.3605e-14)
(506.73 -3.81 -14.097 7.9201e-14)
(514.35 -3.81 -14.097 2.2623e-14)
(521.97 -3.81 -14.097 7.6478e-14)
(529.59 -3.81 -14.097 8.1465e-14)
(537.21 -3.81 -14.097 2.0862e-14)
(544.83 -3.81 -14.097 8.0873e-14)
(552.45 -3.81 -14.097 7.5584e-14)
(560.07 -3.81 -14.097 3.5277e-14)
(567.69 -3.81 -14.097 5.6858e-14)
(575.31 -3.81 -14.097 5.5138e-14)
(582.93 -3.81 -14.097 3.3728e-14)
(590.55 -3.81 -14.097 4.3938e-15)
(598.17 -3.81 -14.097 1.6895e-15)
(605.79 -3.81 -14.097 3.9173e-15)
(613.41 -3.81 -14.097 1.0171e-14)
(621.03 -3.81 -14.097 1.3287e-14)
(628.65 -3.81 -14.097 1.4643e-14)
(636.27 -3.81 -14.097 1.3031e-14)
(643.89 -3.81 -14.097 1.9568e-14)
(651.51 -3.81 -14.097 1.2833e-14)
(659.13 -3.81 -14.097 9.7058e-15)
(666.75 -3.81 -14.097 4.5842e-15)
(674.37 -3.81 -14.097 1.8954e-14)
(681.99 -3.81 -14.097 4.5054e-15)
(689.61 -3.81 -14.097 3.2465e-15)
(697.23 -3.81 -14.097 6.492e-16)
(704.85 -3.81 -14.097 5.539e-16)
(712.47 -3.81 -14.097 3.972e-16)
(720.09 -3.81 -14.097 4.069e-16)
(727.71 -3.81 -14.097 2.994e-16)
(735.33 -3.81 -14.097 7.859e-16)
(742.95 -3.81 -14.097 2.494e-16)
(750.57 -3.81 -14.097 8.147e-16)
(758.19 -3.81 -14.097 8.171e-16)
(3.81 -3.81 -14.859 5e-13)
(11.43 -3.81 -14.859 6.9699e-13)
(19.05 -3.81 -14.859 9.9061e-13)
(26.67 -3.81 -14.859 5.3125e-13)
(34.29 -3.81 -14.859 9.4913e-13)
(41.91 -3.81 -14.859 9.9892e-13)
(49.53 -3.81 -14.859 6.7651e-13)
(57.15 -3.81 -14.859 7.6896e-13)
(64.77 -3.81 -14.859 7.5885e-15)
(72.39 -3.81 -14.859 8.4436e-15)
(80.01 -3.81 -14.859 8.6626e-14)
(87.63 -3.81 -14.859 3.287e-14)
(95.25 -3.81 -14.859 7.6551e-14)
(102.87 -3.81 -14.859 4.3861e-14)
(110.49 -3.81 -14.859 3.8772e-14)
(118.11 -3.81 -14.859 6.0392e-14)
(125.73 -3.81 -14.859 9.3371e-14)
(133.35 -3.81 -14.859 7.8189e-13)
(140.97 -3.81 -14.859 8.9669e-13)
(148.59 -3.81 -14.859 8.0565e-13)
(156.21 -3.81 -14.859 5.9035e-13)
(163.83 -3.81 -14.859 9.2316e-13)
(171.45 -3.81 -14.859 9.2618e-13)
(179.07 -3.81 -14.859 8.3832e-13)
(186.69 -3.81 -14.859 8.2645e-13)
(194.31 -3.81 -14.859 3.4853e-13)
(201.93 -3.81 -14.859 2.2461e-13)
(209.55 -3.81 -14.859 1.2985e-13)
(217.17 -3.81 -14.859 4.3566e-13)
(224.79 -3.81 -14.859 3.6142e-13)
(232.41 -3.81 -14.859 2.4439e-13)
(240.03 -3.81 -14.859 3.1406e-13)
(247.65 -3.81 -14.859 1.3491e-13)
(255.27 -3.81 -14.859 6.708e-15)
(262.89 -3.81 -14.859 2.3639e-13)
(270.51 -3.81 -14.859 3.2061e-13)
(278.13 -3.81 -14.859 2.0293e-13)
(285.75 -3.81 -14.859 3.9486e-13)
(293.37 -3.81 -14.859 3.7467e-13)
(300.99 -3.81 -14.859 8.4803e-15)
(308.61 -3.81 -14.859 1.1631e-14)
(316.23 -3.81 -14.859 1.9552e-14)
(323.85 -3.81 -14.859 1.7707e-14)
(331.47 -3.81 -14.859 1.5479e-14)
(339.09 -3.81 -14.859 8.55e-16)
(346.71 -3.81 -14.859 2.503e-16)
(354.33 -3.81 -14.859 8.446e-16)
(361.95 -3.81 -14.859 3.06e-17)
(369.57 -3.81 -14.859 7.86e-16)
(377.19 -3.81 -14.859 6.188e-16)
(384.81 -3.81 -14.859 4.986e-16)
(392.43 -3.81 -14.859 7.301e-16)
(400.05 -3.81 -14.859 4.234e-16)
(407.67 -3.81 -14.859 9.833e-16)
(415.29 -3.81 -14.859 8.01e-16)
(422.91 -3.81 -14.859 5.23e-17)
(430.53 -3.81 -14.859 2.89e-16)
(438.15 -3.81 -14.859 2.44e-16)
(445.77 -3.81 -14.859 9.9e-18)
(453.39 -3.81 -14.859 5.264e-16)
(461.01 -3.81 -14.859 4.54e-17)
(468.63 -3.81 -14.859 9.84e-16)
(476.25 -3.81 -14.859 3.629e-16)
(483.87 -3.81 -14.859 7.156e-16)
(491.49 -3.81 -14.859 1.815e-16)
(499.11 -3.81 -14.859 1.663e-16)
(506.73 -3.81 -14.859 7.718e-16)
(514.35 -3.81 -14.859 8.992e-16)
(521.97 -3.81 -14.859 7.011e-16)
(529.59 -3.81 -14.859 8.09e-16)
(537.21 -3.81 -14.859 5.063e-16)
(544.83 -3.81 -14.859 7.623e-16)
(552.45 -3.81 -14.859 8.111e-16)
(560.07 -3.81 -14.859 6.848e-16)
(567.69 -3.81 -14.859 8.802e-16)
(575.31 -3.81 -14.859 8.28e-17)
(582.93 -3.81 -14.859 6.073e-16)
(590.55 -3.81 -14.859 1.9983e-14)
(598.17 -3.81 -14.859 1.8911e-14)
(605.79 -3.81 -14.859 8.9124e-15)
(613.41 -3.81 -14.859 1.5468e-14)
(621.03 -3.81 -14.859 2.5896e-15)
(628.65 -3.81 -14.859 4.0957e-15)
(636.27 -3.81 -14.859 1.6038e-14)
(643.89 -3.81 -14.859 5.0344e-15)
(651.51 -3.81 -14.859 2.5302e-15)
(659.13 -3.81 -14.859 3.2523e-15)
(666.75 -3.81 -14.859 8.3705e-15)
(674.37 -3.81 -14.859 1.7133e-14)
(681.99 -3.81 -14.859 7.0489e-14)
(689.61 -3.81 -14.859 3.4645e-14)
(697.23 -3.81 -14.859 3.8359e-14)
(704.85 -3.81 -14.859 3.6091e-14)
(712.47 -3.81 -14.859 6.5065e-14)
(720.09 -3.81 -14.859 3.7079e-14)
(727.71 -3.81 -14.859 8.9615e-14)
(735.33 -3.81 -14.859 2.9994e-14)
(742.95 -3.81 -14.859 6.6327e-14)
(750.57 -3.81 -14.859 3.9015e-14)
(758.19 -3.81 -14.859 2.6544e-14)
