(3.81	-3.81	-0.381	0.51235)
(11.43	-3.81	-0.381	0.47956)
(19.05	-3.81	-0.381	0.45984)
(26.67	-3.81	-0.381	0.44562)
(34.29	-3.81	-0.381	0.43438)
(41.91	-3.81	-0.381	0.42506)
(49.53	-3.81	-0.381	0.417)
(57.15	-3.81	-0.381	0.40981)
(64.77	-3.81	-0.381	0.40326)
(72.39	-3.81	-0.381	0.39712)
(80.01	-3.81	-0.381	0.39119)
(87.63	-3.81	-0.381	0.3853)
(95.25	-3.81	-0.381	0.37928)
(102.87	-3.81	-0.381	0.37285)
(110.49	-3.81	-0.381	0.36557)
(118.11	-3.81	-0.381	0.3568)
(125.73	-3.81	-0.381	0.34518)
(133.35	-3.81	-0.381	0.32735)
(140.97	-3.81	-0.381	0.29401)
(148.59	-3.81	-0.381	0.20186)
(156.21	-3.81	-0.381	0.014086)
(163.83	-3.81	-0.381	0)
(171.45	-3.81	-0.381	0)
(179.07	-3.81	-0.381	0)
(186.69	-3.81	-0.381	0)
(194.31	-3.81	-0.381	0)
(201.93	-3.81	-0.381	0)
(209.55	-3.81	-0.381	0)
(217.17	-3.81	-0.381	0)
(224.79	-3.81	-0.381	0)
(232.41	-3.81	-0.381	0)
(240.03	-3.81	-0.381	0)
(247.65	-3.81	-0.381	0)
(255.27	-3.81	-0.381	0)
(262.89	-3.81	-0.381	0)
(270.51	-3.81	-0.381	0)
(278.13	-3.81	-0.381	0)
(285.75	-3.81	-0.381	0)
(293.37	-3.81	-0.381	0)
(300.99	-3.81	-0.381	0)
(308.61	-3.81	-0.381	0)
(316.23	-3.81	-0.381	0)
(323.85	-3.81	-0.381	0)
(331.47	-3.81	-0.381	0)
(339.09	-3.81	-0.381	0)
(346.71	-3.81	-0.381	0)
(354.33	-3.81	-0.381	0)
(361.95	-3.81	-0.381	0)
(369.57	-3.81	-0.381	0)
(377.19	-3.81	-0.381	0)
(384.81	-3.81	-0.381	0)
(392.43	-3.81	-0.381	0)
(400.05	-3.81	-0.381	0)
(407.67	-3.81	-0.381	0)
(415.29	-3.81	-0.381	0)
(422.91	-3.81	-0.381	0)
(430.53	-3.81	-0.381	0)
(438.15	-3.81	-0.381	0)
(445.77	-3.81	-0.381	0)
(453.39	-3.81	-0.381	0)
(461.01	-3.81	-0.381	0)
(468.63	-3.81	-0.381	0)
(476.25	-3.81	-0.381	0)
(483.87	-3.81	-0.381	0)
(491.49	-3.81	-0.381	0)
(499.11	-3.81	-0.381	0)
(506.73	-3.81	-0.381	0)
(514.35	-3.81	-0.381	0)
(521.97	-3.81	-0.381	0)
(529.59	-3.81	-0.381	0)
(537.21	-3.81	-0.381	0)
(544.83	-3.81	-0.381	0)
(552.45	-3.81	-0.381	0)
(560.07	-3.81	-0.381	0)
(567.69	-3.81	-0.381	0)
(575.31	-3.81	-0.381	0)
(582.93	-3.81	-0.381	0)
(590.55	-3.81	-0.381	0)
(598.17	-3.81	-0.381	0)
(605.79	-3.81	-0.381	0)
(613.41	-3.81	-0.381	0)
(621.03	-3.81	-0.381	0)
(628.65	-3.81	-0.381	0)
(636.27	-3.81	-0.381	0)
(643.89	-3.81	-0.381	0)
(651.51	-3.81	-0.381	0)
(659.13	-3.81	-0.381	0)
(666.75	-3.81	-0.381	0)
(674.37	-3.81	-0.381	0)
(681.99	-3.81	-0.381	0)
(689.61	-3.81	-0.381	0)
(697.23	-3.81	-0.381	0)
(704.85	-3.81	-0.381	0)
(712.47	-3.81	-0.381	0)
(720.09	-3.81	-0.381	0)
(727.71	-3.81	-0.381	0)
(735.33	-3.81	-0.381	0)
(742.95	-3.81	-0.381	0)
(750.57	-3.81	-0.381	0)
(758.19	-3.81	-0.381	0)
(3.81	-3.81	-1.143	0.51193)
(11.43	-3.81	-1.143	0.47907)
(19.05	-3.81	-1.143	0.45929)
(26.67	-3.81	-1.143	0.44502)
(34.29	-3.81	-1.143	0.43374)
(41.91	-3.81	-1.143	0.42438)
(49.53	-3.81	-1.143	0.41627)
(57.15	-3.81	-1.143	0.40905)
(64.77	-3.81	-1.143	0.40247)
(72.39	-3.81	-1.143	0.3963)
(80.01	-3.81	-1.143	0.39032)
(87.63	-3.81	-1.143	0.38438)
(95.25	-3.81	-1.143	0.37827)
(102.87	-3.81	-1.143	0.37168)
(110.49	-3.81	-1.143	0.36412)
(118.11	-3.81	-1.143	0.35479)
(125.73	-3.81	-1.143	0.34194)
(133.35	-3.81	-1.143	0.32105)
(140.97	-3.81	-1.143	0.27798)
(148.59	-3.81	-1.143	0.14629)
(156.21	-3.81	-1.143	0.0014263)
(163.83	-3.81	-1.143	0)
(171.45	-3.81	-1.143	0)
(179.07	-3.81	-1.143	0)
(186.69	-3.81	-1.143	0)
(194.31	-3.81	-1.143	0)
(201.93	-3.81	-1.143	0)
(209.55	-3.81	-1.143	0)
(217.17	-3.81	-1.143	0)
(224.79	-3.81	-1.143	0)
(232.41	-3.81	-1.143	0)
(240.03	-3.81	-1.143	0)
(247.65	-3.81	-1.143	0)
(255.27	-3.81	-1.143	0)
(262.89	-3.81	-1.143	0)
(270.51	-3.81	-1.143	0)
(278.13	-3.81	-1.143	0)
(285.75	-3.81	-1.143	0)
(293.37	-3.81	-1.143	0)
(300.99	-3.81	-1.143	0)
(308.61	-3.81	-1.143	0)
(316.23	-3.81	-1.143	0)
(323.85	-3.81	-1.143	0)
(331.47	-3.81	-1.143	0)
(339.09	-3.81	-1.143	0)
(346.71	-3.81	-1.143	0)
(354.33	-3.81	-1.143	0)
(361.95	-3.81	-1.143	0)
(369.57	-3.81	-1.143	0)
(377.19	-3.81	-1.143	0)
(384.81	-3.81	-1.143	0)
(392.43	-3.81	-1.143	0)
(400.05	-3.81	-1.143	0)
(407.67	-3.81	-1.143	0)
(415.29	-3.81	-1.143	0)
(422.91	-3.81	-1.143	0)
(430.53	-3.81	-1.143	0)
(438.15	-3.81	-1.143	0)
(445.77	-3.81	-1.143	0)
(453.39	-3.81	-1.143	0)
(461.01	-3.81	-1.143	0)
(468.63	-3.81	-1.143	0)
(476.25	-3.81	-1.143	0)
(483.87	-3.81	-1.143	0)
(491.49	-3.81	-1.143	0)
(499.11	-3.81	-1.143	0)
(506.73	-3.81	-1.143	0)
(514.35	-3.81	-1.143	0)
(521.97	-3.81	-1.143	0)
(529.59	-3.81	-1.143	0)
(537.21	-3.81	-1.143	0)
(544.83	-3.81	-1.143	0)
(552.45	-3.81	-1.143	0)
(560.07	-3.81	-1.143	0)
(567.69	-3.81	-1.143	0)
(575.31	-3.81	-1.143	0)
(582.93	-3.81	-1.143	0)
(590.55	-3.81	-1.143	0)
(598.17	-3.81	-1.143	0)
(605.79	-3.81	-1.143	0)
(613.41	-3.81	-1.143	0)
(621.03	-3.81	-1.143	0)
(628.65	-3.81	-1.143	0)
(636.27	-3.81	-1.143	0)
(643.89	-3.81	-1.143	0)
(651.51	-3.81	-1.143	0)
(659.13	-3.81	-1.143	0)
(666.75	-3.81	-1.143	0)
(674.37	-3.81	-1.143	0)
(681.99	-3.81	-1.143	0)
(689.61	-3.81	-1.143	0)
(697.23	-3.81	-1.143	0)
(704.85	-3.81	-1.143	0)
(712.47	-3.81	-1.143	0)
(720.09	-3.81	-1.143	0)
(727.71	-3.81	-1.143	0)
(735.33	-3.81	-1.143	0)
(742.95	-3.81	-1.143	0)
(750.57	-3.81	-1.143	0)
(758.19	-3.81	-1.143	0)
(3.81	-3.81	-1.905	0.51193)
(11.43	-3.81	-1.905	0.47907)
(19.05	-3.81	-1.905	0.45929)
(26.67	-3.81	-1.905	0.44501)
(34.29	-3.81	-1.905	0.43373)
(41.91	-3.81	-1.905	0.42437)
(49.53	-3.81	-1.905	0.41627)
(57.15	-3.81	-1.905	0.40905)
(64.77	-3.81	-1.905	0.40247)
(72.39	-3.81	-1.905	0.3963)
(80.01	-3.81	-1.905	0.39032)
(87.63	-3.81	-1.905	0.38437)
(95.25	-3.81	-1.905	0.37826)
(102.87	-3.81	-1.905	0.37167)
(110.49	-3.81	-1.905	0.36408)
(118.11	-3.81	-1.905	0.3547)
(125.73	-3.81	-1.905	0.34165)
(133.35	-3.81	-1.905	0.31997)
(140.97	-3.81	-1.905	0.27313)
(148.59	-3.81	-1.905	0.12479)
(156.21	-3.81	-1.905	0.00038916)
(163.83	-3.81	-1.905	0)
(171.45	-3.81	-1.905	0)
(179.07	-3.81	-1.905	0)
(186.69	-3.81	-1.905	0)
(194.31	-3.81	-1.905	0)
(201.93	-3.81	-1.905	0)
(209.55	-3.81	-1.905	0)
(217.17	-3.81	-1.905	0)
(224.79	-3.81	-1.905	0)
(232.41	-3.81	-1.905	0)
(240.03	-3.81	-1.905	0)
(247.65	-3.81	-1.905	0)
(255.27	-3.81	-1.905	0)
(262.89	-3.81	-1.905	0)
(270.51	-3.81	-1.905	0)
(278.13	-3.81	-1.905	0)
(285.75	-3.81	-1.905	0)
(293.37	-3.81	-1.905	0)
(300.99	-3.81	-1.905	0)
(308.61	-3.81	-1.905	0)
(316.23	-3.81	-1.905	0)
(323.85	-3.81	-1.905	0)
(331.47	-3.81	-1.905	0)
(339.09	-3.81	-1.905	0)
(346.71	-3.81	-1.905	0)
(354.33	-3.81	-1.905	0)
(361.95	-3.81	-1.905	0)
(369.57	-3.81	-1.905	0)
(377.19	-3.81	-1.905	0)
(384.81	-3.81	-1.905	0)
(392.43	-3.81	-1.905	0)
(400.05	-3.81	-1.905	0)
(407.67	-3.81	-1.905	0)
(415.29	-3.81	-1.905	0)
(422.91	-3.81	-1.905	0)
(430.53	-3.81	-1.905	0)
(438.15	-3.81	-1.905	0)
(445.77	-3.81	-1.905	0)
(453.39	-3.81	-1.905	0)
(461.01	-3.81	-1.905	0)
(468.63	-3.81	-1.905	0)
(476.25	-3.81	-1.905	0)
(483.87	-3.81	-1.905	0)
(491.49	-3.81	-1.905	0)
(499.11	-3.81	-1.905	0)
(506.73	-3.81	-1.905	0)
(514.35	-3.81	-1.905	0)
(521.97	-3.81	-1.905	0)
(529.59	-3.81	-1.905	0)
(537.21	-3.81	-1.905	0)
(544.83	-3.81	-1.905	0)
(552.45	-3.81	-1.905	0)
(560.07	-3.81	-1.905	0)
(567.69	-3.81	-1.905	0)
(575.31	-3.81	-1.905	0)
(582.93	-3.81	-1.905	0)
(590.55	-3.81	-1.905	0)
(598.17	-3.81	-1.905	0)
(605.79	-3.81	-1.905	0)
(613.41	-3.81	-1.905	0)
(621.03	-3.81	-1.905	0)
(628.65	-3.81	-1.905	0)
(636.27	-3.81	-1.905	0)
(643.89	-3.81	-1.905	0)
(651.51	-3.81	-1.905	0)
(659.13	-3.81	-1.905	0)
(666.75	-3.81	-1.905	0)
(674.37	-3.81	-1.905	0)
(681.99	-3.81	-1.905	0)
(689.61	-3.81	-1.905	0)
(697.23	-3.81	-1.905	0)
(704.85	-3.81	-1.905	0)
(712.47	-3.81	-1.905	0)
(720.09	-3.81	-1.905	0)
(727.71	-3.81	-1.905	0)
(735.33	-3.81	-1.905	0)
(742.95	-3.81	-1.905	0)
(750.57	-3.81	-1.905	0)
(758.19	-3.81	-1.905	0)
(3.81	-3.81	-2.667	0.51193)
(11.43	-3.81	-2.667	0.47907)
(19.05	-3.81	-2.667	0.45929)
(26.67	-3.81	-2.667	0.44501)
(34.29	-3.81	-2.667	0.43373)
(41.91	-3.81	-2.667	0.42437)
(49.53	-3.81	-2.667	0.41627)
(57.15	-3.81	-2.667	0.40905)
(64.77	-3.81	-2.667	0.40247)
(72.39	-3.81	-2.667	0.3963)
(80.01	-3.81	-2.667	0.39032)
(87.63	-3.81	-2.667	0.38437)
(95.25	-3.81	-2.667	0.37826)
(102.87	-3.81	-2.667	0.37167)
(110.49	-3.81	-2.667	0.36409)
(118.11	-3.81	-2.667	0.35471)
(125.73	-3.81	-2.667	0.34168)
(133.35	-3.81	-2.667	0.32002)
(140.97	-3.81	-2.667	0.27306)
(148.59	-3.81	-2.667	0.1244)
(156.21	-3.81	-2.667	0.00037734)
(163.83	-3.81	-2.667	0)
(171.45	-3.81	-2.667	0)
(179.07	-3.81	-2.667	0)
(186.69	-3.81	-2.667	0)
(194.31	-3.81	-2.667	0)
(201.93	-3.81	-2.667	0)
(209.55	-3.81	-2.667	0)
(217.17	-3.81	-2.667	0)
(224.79	-3.81	-2.667	0)
(232.41	-3.81	-2.667	0)
(240.03	-3.81	-2.667	0)
(247.65	-3.81	-2.667	0)
(255.27	-3.81	-2.667	0)
(262.89	-3.81	-2.667	0)
(270.51	-3.81	-2.667	0)
(278.13	-3.81	-2.667	0)
(285.75	-3.81	-2.667	0)
(293.37	-3.81	-2.667	0)
(300.99	-3.81	-2.667	0)
(308.61	-3.81	-2.667	0)
(316.23	-3.81	-2.667	0)
(323.85	-3.81	-2.667	0)
(331.47	-3.81	-2.667	0)
(339.09	-3.81	-2.667	0)
(346.71	-3.81	-2.667	0)
(354.33	-3.81	-2.667	0)
(361.95	-3.81	-2.667	0)
(369.57	-3.81	-2.667	0)
(377.19	-3.81	-2.667	0)
(384.81	-3.81	-2.667	0)
(392.43	-3.81	-2.667	0)
(400.05	-3.81	-2.667	0)
(407.67	-3.81	-2.667	0)
(415.29	-3.81	-2.667	0)
(422.91	-3.81	-2.667	0)
(430.53	-3.81	-2.667	0)
(438.15	-3.81	-2.667	0)
(445.77	-3.81	-2.667	0)
(453.39	-3.81	-2.667	0)
(461.01	-3.81	-2.667	0)
(468.63	-3.81	-2.667	0)
(476.25	-3.81	-2.667	0)
(483.87	-3.81	-2.667	0)
(491.49	-3.81	-2.667	0)
(499.11	-3.81	-2.667	0)
(506.73	-3.81	-2.667	0)
(514.35	-3.81	-2.667	0)
(521.97	-3.81	-2.667	0)
(529.59	-3.81	-2.667	0)
(537.21	-3.81	-2.667	0)
(544.83	-3.81	-2.667	0)
(552.45	-3.81	-2.667	0)
(560.07	-3.81	-2.667	0)
(567.69	-3.81	-2.667	0)
(575.31	-3.81	-2.667	0)
(582.93	-3.81	-2.667	0)
(590.55	-3.81	-2.667	0)
(598.17	-3.81	-2.667	0)
(605.79	-3.81	-2.667	0)
(613.41	-3.81	-2.667	0)
(621.03	-3.81	-2.667	0)
(628.65	-3.81	-2.667	0)
(636.27	-3.81	-2.667	0)
(643.89	-3.81	-2.667	0)
(651.51	-3.81	-2.667	0)
(659.13	-3.81	-2.667	0)
(666.75	-3.81	-2.667	0)
(674.37	-3.81	-2.667	0)
(681.99	-3.81	-2.667	0)
(689.61	-3.81	-2.667	0)
(697.23	-3.81	-2.667	0)
(704.85	-3.81	-2.667	0)
(712.47	-3.81	-2.667	0)
(720.09	-3.81	-2.667	0)
(727.71	-3.81	-2.667	0)
(735.33	-3.81	-2.667	0)
(742.95	-3.81	-2.667	0)
(750.57	-3.81	-2.667	0)
(758.19	-3.81	-2.667	0)
(3.81	-3.81	-3.429	0.51193)
(11.43	-3.81	-3.429	0.47907)
(19.05	-3.81	-3.429	0.45929)
(26.67	-3.81	-3.429	0.44501)
(34.29	-3.81	-3.429	0.43373)
(41.91	-3.81	-3.429	0.42437)
(49.53	-3.81	-3.429	0.41627)
(57.15	-3.81	-3.429	0.40905)
(64.77	-3.81	-3.429	0.40247)
(72.39	-3.81	-3.429	0.39629)
(80.01	-3.81	-3.429	0.39032)
(87.63	-3.81	-3.429	0.38437)
(95.25	-3.81	-3.429	0.37826)
(102.87	-3.81	-3.429	0.37167)
(110.49	-3.81	-3.429	0.3641)
(118.11	-3.81	-3.429	0.35473)
(125.73	-3.81	-3.429	0.34173)
(133.35	-3.81	-3.429	0.32016)
(140.97	-3.81	-3.429	0.27359)
(148.59	-3.81	-3.429	0.12635)
(156.21	-3.81	-3.429	0.00042948)
(163.83	-3.81	-3.429	0)
(171.45	-3.81	-3.429	0)
(179.07	-3.81	-3.429	0)
(186.69	-3.81	-3.429	0)
(194.31	-3.81	-3.429	0)
(201.93	-3.81	-3.429	0)
(209.55	-3.81	-3.429	0)
(217.17	-3.81	-3.429	0)
(224.79	-3.81	-3.429	0)
(232.41	-3.81	-3.429	0)
(240.03	-3.81	-3.429	0)
(247.65	-3.81	-3.429	0)
(255.27	-3.81	-3.429	0)
(262.89	-3.81	-3.429	0)
(270.51	-3.81	-3.429	0)
(278.13	-3.81	-3.429	0)
(285.75	-3.81	-3.429	0)
(293.37	-3.81	-3.429	0)
(300.99	-3.81	-3.429	0)
(308.61	-3.81	-3.429	0)
(316.23	-3.81	-3.429	0)
(323.85	-3.81	-3.429	0)
(331.47	-3.81	-3.429	0)
(339.09	-3.81	-3.429	0)
(346.71	-3.81	-3.429	0)
(354.33	-3.81	-3.429	0)
(361.95	-3.81	-3.429	0)
(369.57	-3.81	-3.429	0)
(377.19	-3.81	-3.429	0)
(384.81	-3.81	-3.429	0)
(392.43	-3.81	-3.429	0)
(400.05	-3.81	-3.429	0)
(407.67	-3.81	-3.429	0)
(415.29	-3.81	-3.429	0)
(422.91	-3.81	-3.429	0)
(430.53	-3.81	-3.429	0)
(438.15	-3.81	-3.429	0)
(445.77	-3.81	-3.429	0)
(453.39	-3.81	-3.429	0)
(461.01	-3.81	-3.429	0)
(468.63	-3.81	-3.429	0)
(476.25	-3.81	-3.429	0)
(483.87	-3.81	-3.429	0)
(491.49	-3.81	-3.429	0)
(499.11	-3.81	-3.429	0)
(506.73	-3.81	-3.429	0)
(514.35	-3.81	-3.429	0)
(521.97	-3.81	-3.429	0)
(529.59	-3.81	-3.429	0)
(537.21	-3.81	-3.429	0)
(544.83	-3.81	-3.429	0)
(552.45	-3.81	-3.429	0)
(560.07	-3.81	-3.429	0)
(567.69	-3.81	-3.429	0)
(575.31	-3.81	-3.429	0)
(582.93	-3.81	-3.429	0)
(590.55	-3.81	-3.429	0)
(598.17	-3.81	-3.429	0)
(605.79	-3.81	-3.429	0)
(613.41	-3.81	-3.429	0)
(621.03	-3.81	-3.429	0)
(628.65	-3.81	-3.429	0)
(636.27	-3.81	-3.429	0)
(643.89	-3.81	-3.429	0)
(651.51	-3.81	-3.429	0)
(659.13	-3.81	-3.429	0)
(666.75	-3.81	-3.429	0)
(674.37	-3.81	-3.429	0)
(681.99	-3.81	-3.429	0)
(689.61	-3.81	-3.429	0)
(697.23	-3.81	-3.429	0)
(704.85	-3.81	-3.429	0)
(712.47	-3.81	-3.429	0)
(720.09	-3.81	-3.429	0)
(727.71	-3.81	-3.429	0)
(735.33	-3.81	-3.429	0)
(742.95	-3.81	-3.429	0)
(750.57	-3.81	-3.429	0)
(758.19	-3.81	-3.429	0)
(3.81	-3.81	-4.191	0.51193)
(11.43	-3.81	-4.191	0.47907)
(19.05	-3.81	-4.191	0.45929)
(26.67	-3.81	-4.191	0.44501)
(34.29	-3.81	-4.191	0.43373)
(41.91	-3.81	-4.191	0.42437)
(49.53	-3.81	-4.191	0.41627)
(57.15	-3.81	-4.191	0.40905)
(64.77	-3.81	-4.191	0.40247)
(72.39	-3.81	-4.191	0.39629)
(80.01	-3.81	-4.191	0.39032)
(87.63	-3.81	-4.191	0.38437)
(95.25	-3.81	-4.191	0.37826)
(102.87	-3.81	-4.191	0.37168)
(110.49	-3.81	-4.191	0.36411)
(118.11	-3.81	-4.191	0.35475)
(125.73	-3.81	-4.191	0.34177)
(133.35	-3.81	-4.191	0.32029)
(140.97	-3.81	-4.191	0.27409)
(148.59	-3.81	-4.191	0.12816)
(156.21	-3.81	-4.191	0.00048188)
(163.83	-3.81	-4.191	0)
(171.45	-3.81	-4.191	0)
(179.07	-3.81	-4.191	0)
(186.69	-3.81	-4.191	0)
(194.31	-3.81	-4.191	0)
(201.93	-3.81	-4.191	0)
(209.55	-3.81	-4.191	0)
(217.17	-3.81	-4.191	0)
(224.79	-3.81	-4.191	0)
(232.41	-3.81	-4.191	0)
(240.03	-3.81	-4.191	0)
(247.65	-3.81	-4.191	0)
(255.27	-3.81	-4.191	0)
(262.89	-3.81	-4.191	0)
(270.51	-3.81	-4.191	0)
(278.13	-3.81	-4.191	0)
(285.75	-3.81	-4.191	0)
(293.37	-3.81	-4.191	0)
(300.99	-3.81	-4.191	0)
(308.61	-3.81	-4.191	0)
(316.23	-3.81	-4.191	0)
(323.85	-3.81	-4.191	0)
(331.47	-3.81	-4.191	0)
(339.09	-3.81	-4.191	0)
(346.71	-3.81	-4.191	0)
(354.33	-3.81	-4.191	0)
(361.95	-3.81	-4.191	0)
(369.57	-3.81	-4.191	0)
(377.19	-3.81	-4.191	0)
(384.81	-3.81	-4.191	0)
(392.43	-3.81	-4.191	0)
(400.05	-3.81	-4.191	0)
(407.67	-3.81	-4.191	0)
(415.29	-3.81	-4.191	0)
(422.91	-3.81	-4.191	0)
(430.53	-3.81	-4.191	0)
(438.15	-3.81	-4.191	0)
(445.77	-3.81	-4.191	0)
(453.39	-3.81	-4.191	0)
(461.01	-3.81	-4.191	0)
(468.63	-3.81	-4.191	0)
(476.25	-3.81	-4.191	0)
(483.87	-3.81	-4.191	0)
(491.49	-3.81	-4.191	0)
(499.11	-3.81	-4.191	0)
(506.73	-3.81	-4.191	0)
(514.35	-3.81	-4.191	0)
(521.97	-3.81	-4.191	0)
(529.59	-3.81	-4.191	0)
(537.21	-3.81	-4.191	0)
(544.83	-3.81	-4.191	0)
(552.45	-3.81	-4.191	0)
(560.07	-3.81	-4.191	0)
(567.69	-3.81	-4.191	0)
(575.31	-3.81	-4.191	0)
(582.93	-3.81	-4.191	0)
(590.55	-3.81	-4.191	0)
(598.17	-3.81	-4.191	0)
(605.79	-3.81	-4.191	0)
(613.41	-3.81	-4.191	0)
(621.03	-3.81	-4.191	0)
(628.65	-3.81	-4.191	0)
(636.27	-3.81	-4.191	0)
(643.89	-3.81	-4.191	0)
(651.51	-3.81	-4.191	0)
(659.13	-3.81	-4.191	0)
(666.75	-3.81	-4.191	0)
(674.37	-3.81	-4.191	0)
(681.99	-3.81	-4.191	0)
(689.61	-3.81	-4.191	0)
(697.23	-3.81	-4.191	0)
(704.85	-3.81	-4.191	0)
(712.47	-3.81	-4.191	0)
(720.09	-3.81	-4.191	0)
(727.71	-3.81	-4.191	0)
(735.33	-3.81	-4.191	0)
(742.95	-3.81	-4.191	0)
(750.57	-3.81	-4.191	0)
(758.19	-3.81	-4.191	0)
(3.81	-3.81	-4.953	0.51193)
(11.43	-3.81	-4.953	0.47907)
(19.05	-3.81	-4.953	0.45929)
(26.67	-3.81	-4.953	0.44501)
(34.29	-3.81	-4.953	0.43373)
(41.91	-3.81	-4.953	0.42437)
(49.53	-3.81	-4.953	0.41627)
(57.15	-3.81	-4.953	0.40905)
(64.77	-3.81	-4.953	0.40247)
(72.39	-3.81	-4.953	0.39629)
(80.01	-3.81	-4.953	0.39032)
(87.63	-3.81	-4.953	0.38437)
(95.25	-3.81	-4.953	0.37827)
(102.87	-3.81	-4.953	0.37168)
(110.49	-3.81	-4.953	0.36411)
(118.11	-3.81	-4.953	0.35476)
(125.73	-3.81	-4.953	0.34181)
(133.35	-3.81	-4.953	0.3204)
(140.97	-3.81	-4.953	0.27452)
(148.59	-3.81	-4.953	0.12971)
(156.21	-3.81	-4.953	0.00053006)
(163.83	-3.81	-4.953	0)
(171.45	-3.81	-4.953	0)
(179.07	-3.81	-4.953	0)
(186.69	-3.81	-4.953	0)
(194.31	-3.81	-4.953	0)
(201.93	-3.81	-4.953	0)
(209.55	-3.81	-4.953	0)
(217.17	-3.81	-4.953	0)
(224.79	-3.81	-4.953	0)
(232.41	-3.81	-4.953	0)
(240.03	-3.81	-4.953	0)
(247.65	-3.81	-4.953	0)
(255.27	-3.81	-4.953	0)
(262.89	-3.81	-4.953	0)
(270.51	-3.81	-4.953	0)
(278.13	-3.81	-4.953	0)
(285.75	-3.81	-4.953	0)
(293.37	-3.81	-4.953	0)
(300.99	-3.81	-4.953	0)
(308.61	-3.81	-4.953	0)
(316.23	-3.81	-4.953	0)
(323.85	-3.81	-4.953	0)
(331.47	-3.81	-4.953	0)
(339.09	-3.81	-4.953	0)
(346.71	-3.81	-4.953	0)
(354.33	-3.81	-4.953	0)
(361.95	-3.81	-4.953	0)
(369.57	-3.81	-4.953	0)
(377.19	-3.81	-4.953	0)
(384.81	-3.81	-4.953	0)
(392.43	-3.81	-4.953	0)
(400.05	-3.81	-4.953	0)
(407.67	-3.81	-4.953	0)
(415.29	-3.81	-4.953	0)
(422.91	-3.81	-4.953	0)
(430.53	-3.81	-4.953	0)
(438.15	-3.81	-4.953	0)
(445.77	-3.81	-4.953	0)
(453.39	-3.81	-4.953	0)
(461.01	-3.81	-4.953	0)
(468.63	-3.81	-4.953	0)
(476.25	-3.81	-4.953	0)
(483.87	-3.81	-4.953	0)
(491.49	-3.81	-4.953	0)
(499.11	-3.81	-4.953	0)
(506.73	-3.81	-4.953	0)
(514.35	-3.81	-4.953	0)
(521.97	-3.81	-4.953	0)
(529.59	-3.81	-4.953	0)
(537.21	-3.81	-4.953	0)
(544.83	-3.81	-4.953	0)
(552.45	-3.81	-4.953	0)
(560.07	-3.81	-4.953	0)
(567.69	-3.81	-4.953	0)
(575.31	-3.81	-4.953	0)
(582.93	-3.81	-4.953	0)
(590.55	-3.81	-4.953	0)
(598.17	-3.81	-4.953	0)
(605.79	-3.81	-4.953	0)
(613.41	-3.81	-4.953	0)
(621.03	-3.81	-4.953	0)
(628.65	-3.81	-4.953	0)
(636.27	-3.81	-4.953	0)
(643.89	-3.81	-4.953	0)
(651.51	-3.81	-4.953	0)
(659.13	-3.81	-4.953	0)
(666.75	-3.81	-4.953	0)
(674.37	-3.81	-4.953	0)
(681.99	-3.81	-4.953	0)
(689.61	-3.81	-4.953	0)
(697.23	-3.81	-4.953	0)
(704.85	-3.81	-4.953	0)
(712.47	-3.81	-4.953	0)
(720.09	-3.81	-4.953	0)
(727.71	-3.81	-4.953	0)
(735.33	-3.81	-4.953	0)
(742.95	-3.81	-4.953	0)
(750.57	-3.81	-4.953	0)
(758.19	-3.81	-4.953	0)
(3.81	-3.81	-5.715	0.51193)
(11.43	-3.81	-5.715	0.47906)
(19.05	-3.81	-5.715	0.45929)
(26.67	-3.81	-5.715	0.44501)
(34.29	-3.81	-5.715	0.43373)
(41.91	-3.81	-5.715	0.42437)
(49.53	-3.81	-5.715	0.41627)
(57.15	-3.81	-5.715	0.40905)
(64.77	-3.81	-5.715	0.40247)
(72.39	-3.81	-5.715	0.39629)
(80.01	-3.81	-5.715	0.39032)
(87.63	-3.81	-5.715	0.38437)
(95.25	-3.81	-5.715	0.37827)
(102.87	-3.81	-5.715	0.37168)
(110.49	-3.81	-5.715	0.36412)
(118.11	-3.81	-5.715	0.35477)
(125.73	-3.81	-5.715	0.34184)
(133.35	-3.81	-5.715	0.3205)
(140.97	-3.81	-5.715	0.27487)
(148.59	-3.81	-5.715	0.131)
(156.21	-3.81	-5.715	0.00057322)
(163.83	-3.81	-5.715	0)
(171.45	-3.81	-5.715	0)
(179.07	-3.81	-5.715	0)
(186.69	-3.81	-5.715	0)
(194.31	-3.81	-5.715	0)
(201.93	-3.81	-5.715	0)
(209.55	-3.81	-5.715	0)
(217.17	-3.81	-5.715	0)
(224.79	-3.81	-5.715	0)
(232.41	-3.81	-5.715	0)
(240.03	-3.81	-5.715	0)
(247.65	-3.81	-5.715	0)
(255.27	-3.81	-5.715	0)
(262.89	-3.81	-5.715	0)
(270.51	-3.81	-5.715	0)
(278.13	-3.81	-5.715	0)
(285.75	-3.81	-5.715	0)
(293.37	-3.81	-5.715	0)
(300.99	-3.81	-5.715	0)
(308.61	-3.81	-5.715	0)
(316.23	-3.81	-5.715	0)
(323.85	-3.81	-5.715	0)
(331.47	-3.81	-5.715	0)
(339.09	-3.81	-5.715	0)
(346.71	-3.81	-5.715	0)
(354.33	-3.81	-5.715	0)
(361.95	-3.81	-5.715	0)
(369.57	-3.81	-5.715	0)
(377.19	-3.81	-5.715	0)
(384.81	-3.81	-5.715	0)
(392.43	-3.81	-5.715	0)
(400.05	-3.81	-5.715	0)
(407.67	-3.81	-5.715	0)
(415.29	-3.81	-5.715	0)
(422.91	-3.81	-5.715	0)
(430.53	-3.81	-5.715	0)
(438.15	-3.81	-5.715	0)
(445.77	-3.81	-5.715	0)
(453.39	-3.81	-5.715	0)
(461.01	-3.81	-5.715	0)
(468.63	-3.81	-5.715	0)
(476.25	-3.81	-5.715	0)
(483.87	-3.81	-5.715	0)
(491.49	-3.81	-5.715	0)
(499.11	-3.81	-5.715	0)
(506.73	-3.81	-5.715	0)
(514.35	-3.81	-5.715	0)
(521.97	-3.81	-5.715	0)
(529.59	-3.81	-5.715	0)
(537.21	-3.81	-5.715	0)
(544.83	-3.81	-5.715	0)
(552.45	-3.81	-5.715	0)
(560.07	-3.81	-5.715	0)
(567.69	-3.81	-5.715	0)
(575.31	-3.81	-5.715	0)
(582.93	-3.81	-5.715	0)
(590.55	-3.81	-5.715	0)
(598.17	-3.81	-5.715	0)
(605.79	-3.81	-5.715	0)
(613.41	-3.81	-5.715	0)
(621.03	-3.81	-5.715	0)
(628.65	-3.81	-5.715	0)
(636.27	-3.81	-5.715	0)
(643.89	-3.81	-5.715	0)
(651.51	-3.81	-5.715	0)
(659.13	-3.81	-5.715	0)
(666.75	-3.81	-5.715	0)
(674.37	-3.81	-5.715	0)
(681.99	-3.81	-5.715	0)
(689.61	-3.81	-5.715	0)
(697.23	-3.81	-5.715	0)
(704.85	-3.81	-5.715	0)
(712.47	-3.81	-5.715	0)
(720.09	-3.81	-5.715	0)
(727.71	-3.81	-5.715	0)
(735.33	-3.81	-5.715	0)
(742.95	-3.81	-5.715	0)
(750.57	-3.81	-5.715	0)
(758.19	-3.81	-5.715	0)
(3.81	-3.81	-6.477	0.51193)
(11.43	-3.81	-6.477	0.47906)
(19.05	-3.81	-6.477	0.45929)
(26.67	-3.81	-6.477	0.44501)
(34.29	-3.81	-6.477	0.43373)
(41.91	-3.81	-6.477	0.42437)
(49.53	-3.81	-6.477	0.41626)
(57.15	-3.81	-6.477	0.40905)
(64.77	-3.81	-6.477	0.40247)
(72.39	-3.81	-6.477	0.39629)
(80.01	-3.81	-6.477	0.39032)
(87.63	-3.81	-6.477	0.38438)
(95.25	-3.81	-6.477	0.37827)
(102.87	-3.81	-6.477	0.37168)
(110.49	-3.81	-6.477	0.36412)
(118.11	-3.81	-6.477	0.35479)
(125.73	-3.81	-6.477	0.34188)
(133.35	-3.81	-6.477	0.32061)
(140.97	-3.81	-6.477	0.27527)
(148.59	-3.81	-6.477	0.13241)
(156.21	-3.81	-6.477	0.00062369)
(163.83	-3.81	-6.477	0)
(171.45	-3.81	-6.477	0)
(179.07	-3.81	-6.477	0)
(186.69	-3.81	-6.477	0)
(194.31	-3.81	-6.477	0)
(201.93	-3.81	-6.477	0)
(209.55	-3.81	-6.477	0)
(217.17	-3.81	-6.477	0)
(224.79	-3.81	-6.477	0)
(232.41	-3.81	-6.477	0)
(240.03	-3.81	-6.477	0)
(247.65	-3.81	-6.477	0)
(255.27	-3.81	-6.477	0)
(262.89	-3.81	-6.477	0)
(270.51	-3.81	-6.477	0)
(278.13	-3.81	-6.477	0)
(285.75	-3.81	-6.477	0)
(293.37	-3.81	-6.477	0)
(300.99	-3.81	-6.477	0)
(308.61	-3.81	-6.477	0)
(316.23	-3.81	-6.477	0)
(323.85	-3.81	-6.477	0)
(331.47	-3.81	-6.477	0)
(339.09	-3.81	-6.477	0)
(346.71	-3.81	-6.477	0)
(354.33	-3.81	-6.477	0)
(361.95	-3.81	-6.477	0)
(369.57	-3.81	-6.477	0)
(377.19	-3.81	-6.477	0)
(384.81	-3.81	-6.477	0)
(392.43	-3.81	-6.477	0)
(400.05	-3.81	-6.477	0)
(407.67	-3.81	-6.477	0)
(415.29	-3.81	-6.477	0)
(422.91	-3.81	-6.477	0)
(430.53	-3.81	-6.477	0)
(438.15	-3.81	-6.477	0)
(445.77	-3.81	-6.477	0)
(453.39	-3.81	-6.477	0)
(461.01	-3.81	-6.477	0)
(468.63	-3.81	-6.477	0)
(476.25	-3.81	-6.477	0)
(483.87	-3.81	-6.477	0)
(491.49	-3.81	-6.477	0)
(499.11	-3.81	-6.477	0)
(506.73	-3.81	-6.477	0)
(514.35	-3.81	-6.477	0)
(521.97	-3.81	-6.477	0)
(529.59	-3.81	-6.477	0)
(537.21	-3.81	-6.477	0)
(544.83	-3.81	-6.477	0)
(552.45	-3.81	-6.477	0)
(560.07	-3.81	-6.477	0)
(567.69	-3.81	-6.477	0)
(575.31	-3.81	-6.477	0)
(582.93	-3.81	-6.477	0)
(590.55	-3.81	-6.477	0)
(598.17	-3.81	-6.477	0)
(605.79	-3.81	-6.477	0)
(613.41	-3.81	-6.477	0)
(621.03	-3.81	-6.477	0)
(628.65	-3.81	-6.477	0)
(636.27	-3.81	-6.477	0)
(643.89	-3.81	-6.477	0)
(651.51	-3.81	-6.477	0)
(659.13	-3.81	-6.477	0)
(666.75	-3.81	-6.477	0)
(674.37	-3.81	-6.477	0)
(681.99	-3.81	-6.477	0)
(689.61	-3.81	-6.477	0)
(697.23	-3.81	-6.477	0)
(704.85	-3.81	-6.477	0)
(712.47	-3.81	-6.477	0)
(720.09	-3.81	-6.477	0)
(727.71	-3.81	-6.477	0)
(735.33	-3.81	-6.477	0)
(742.95	-3.81	-6.477	0)
(750.57	-3.81	-6.477	0)
(758.19	-3.81	-6.477	0)
(3.81	-3.81	-7.239	0.51193)
(11.43	-3.81	-7.239	0.47906)
(19.05	-3.81	-7.239	0.45929)
(26.67	-3.81	-7.239	0.44501)
(34.29	-3.81	-7.239	0.43373)
(41.91	-3.81	-7.239	0.42437)
(49.53	-3.81	-7.239	0.41626)
(57.15	-3.81	-7.239	0.40905)
(64.77	-3.81	-7.239	0.40247)
(72.39	-3.81	-7.239	0.39629)
(80.01	-3.81	-7.239	0.39032)
(87.63	-3.81	-7.239	0.38438)
(95.25	-3.81	-7.239	0.37827)
(102.87	-3.81	-7.239	0.37169)
(110.49	-3.81	-7.239	0.36413)
(118.11	-3.81	-7.239	0.3548)
(125.73	-3.81	-7.239	0.34191)
(133.35	-3.81	-7.239	0.32069)
(140.97	-3.81	-7.239	0.27555)
(148.59	-3.81	-7.239	0.13338)
(156.21	-3.81	-7.239	0.00066086)
(163.83	-3.81	-7.239	0)
(171.45	-3.81	-7.239	0)
(179.07	-3.81	-7.239	0)
(186.69	-3.81	-7.239	0)
(194.31	-3.81	-7.239	0)
(201.93	-3.81	-7.239	0)
(209.55	-3.81	-7.239	0)
(217.17	-3.81	-7.239	0)
(224.79	-3.81	-7.239	0)
(232.41	-3.81	-7.239	0)
(240.03	-3.81	-7.239	0)
(247.65	-3.81	-7.239	0)
(255.27	-3.81	-7.239	0)
(262.89	-3.81	-7.239	0)
(270.51	-3.81	-7.239	0)
(278.13	-3.81	-7.239	0)
(285.75	-3.81	-7.239	0)
(293.37	-3.81	-7.239	0)
(300.99	-3.81	-7.239	0)
(308.61	-3.81	-7.239	0)
(316.23	-3.81	-7.239	0)
(323.85	-3.81	-7.239	0)
(331.47	-3.81	-7.239	0)
(339.09	-3.81	-7.239	0)
(346.71	-3.81	-7.239	0)
(354.33	-3.81	-7.239	0)
(361.95	-3.81	-7.239	0)
(369.57	-3.81	-7.239	0)
(377.19	-3.81	-7.239	0)
(384.81	-3.81	-7.239	0)
(392.43	-3.81	-7.239	0)
(400.05	-3.81	-7.239	0)
(407.67	-3.81	-7.239	0)
(415.29	-3.81	-7.239	0)
(422.91	-3.81	-7.239	0)
(430.53	-3.81	-7.239	0)
(438.15	-3.81	-7.239	0)
(445.77	-3.81	-7.239	0)
(453.39	-3.81	-7.239	0)
(461.01	-3.81	-7.239	0)
(468.63	-3.81	-7.239	0)
(476.25	-3.81	-7.239	0)
(483.87	-3.81	-7.239	0)
(491.49	-3.81	-7.239	0)
(499.11	-3.81	-7.239	0)
(506.73	-3.81	-7.239	0)
(514.35	-3.81	-7.239	0)
(521.97	-3.81	-7.239	0)
(529.59	-3.81	-7.239	0)
(537.21	-3.81	-7.239	0)
(544.83	-3.81	-7.239	0)
(552.45	-3.81	-7.239	0)
(560.07	-3.81	-7.239	0)
(567.69	-3.81	-7.239	0)
(575.31	-3.81	-7.239	0)
(582.93	-3.81	-7.239	0)
(590.55	-3.81	-7.239	0)
(598.17	-3.81	-7.239	0)
(605.79	-3.81	-7.239	0)
(613.41	-3.81	-7.239	0)
(621.03	-3.81	-7.239	0)
(628.65	-3.81	-7.239	0)
(636.27	-3.81	-7.239	0)
(643.89	-3.81	-7.239	0)
(651.51	-3.81	-7.239	0)
(659.13	-3.81	-7.239	0)
(666.75	-3.81	-7.239	0)
(674.37	-3.81	-7.239	0)
(681.99	-3.81	-7.239	0)
(689.61	-3.81	-7.239	0)
(697.23	-3.81	-7.239	0)
(704.85	-3.81	-7.239	0)
(712.47	-3.81	-7.239	0)
(720.09	-3.81	-7.239	0)
(727.71	-3.81	-7.239	0)
(735.33	-3.81	-7.239	0)
(742.95	-3.81	-7.239	0)
(750.57	-3.81	-7.239	0)
(758.19	-3.81	-7.239	0)
(3.81	-3.81	-8.001	0.51192)
(11.43	-3.81	-8.001	0.47906)
(19.05	-3.81	-8.001	0.45929)
(26.67	-3.81	-8.001	0.44501)
(34.29	-3.81	-8.001	0.43373)
(41.91	-3.81	-8.001	0.42437)
(49.53	-3.81	-8.001	0.41626)
(57.15	-3.81	-8.001	0.40905)
(64.77	-3.81	-8.001	0.40247)
(72.39	-3.81	-8.001	0.39629)
(80.01	-3.81	-8.001	0.39032)
(87.63	-3.81	-8.001	0.38438)
(95.25	-3.81	-8.001	0.37827)
(102.87	-3.81	-8.001	0.37169)
(110.49	-3.81	-8.001	0.36413)
(118.11	-3.81	-8.001	0.35481)
(125.73	-3.81	-8.001	0.34194)
(133.35	-3.81	-8.001	0.32079)
(140.97	-3.81	-8.001	0.27588)
(148.59	-3.81	-8.001	0.13455)
(156.21	-3.81	-8.001	0.00070822)
(163.83	-3.81	-8.001	0)
(171.45	-3.81	-8.001	0)
(179.07	-3.81	-8.001	0)
(186.69	-3.81	-8.001	0)
(194.31	-3.81	-8.001	0)
(201.93	-3.81	-8.001	0)
(209.55	-3.81	-8.001	0)
(217.17	-3.81	-8.001	0)
(224.79	-3.81	-8.001	0)
(232.41	-3.81	-8.001	0)
(240.03	-3.81	-8.001	0)
(247.65	-3.81	-8.001	0)
(255.27	-3.81	-8.001	0)
(262.89	-3.81	-8.001	0)
(270.51	-3.81	-8.001	0)
(278.13	-3.81	-8.001	0)
(285.75	-3.81	-8.001	0)
(293.37	-3.81	-8.001	0)
(300.99	-3.81	-8.001	0)
(308.61	-3.81	-8.001	0)
(316.23	-3.81	-8.001	0)
(323.85	-3.81	-8.001	0)
(331.47	-3.81	-8.001	0)
(339.09	-3.81	-8.001	0)
(346.71	-3.81	-8.001	0)
(354.33	-3.81	-8.001	0)
(361.95	-3.81	-8.001	0)
(369.57	-3.81	-8.001	0)
(377.19	-3.81	-8.001	0)
(384.81	-3.81	-8.001	0)
(392.43	-3.81	-8.001	0)
(400.05	-3.81	-8.001	0)
(407.67	-3.81	-8.001	0)
(415.29	-3.81	-8.001	0)
(422.91	-3.81	-8.001	0)
(430.53	-3.81	-8.001	0)
(438.15	-3.81	-8.001	0)
(445.77	-3.81	-8.001	0)
(453.39	-3.81	-8.001	0)
(461.01	-3.81	-8.001	0)
(468.63	-3.81	-8.001	0)
(476.25	-3.81	-8.001	0)
(483.87	-3.81	-8.001	0)
(491.49	-3.81	-8.001	0)
(499.11	-3.81	-8.001	0)
(506.73	-3.81	-8.001	0)
(514.35	-3.81	-8.001	0)
(521.97	-3.81	-8.001	0)
(529.59	-3.81	-8.001	0)
(537.21	-3.81	-8.001	0)
(544.83	-3.81	-8.001	0)
(552.45	-3.81	-8.001	0)
(560.07	-3.81	-8.001	0)
(567.69	-3.81	-8.001	0)
(575.31	-3.81	-8.001	0)
(582.93	-3.81	-8.001	0)
(590.55	-3.81	-8.001	0)
(598.17	-3.81	-8.001	0)
(605.79	-3.81	-8.001	0)
(613.41	-3.81	-8.001	0)
(621.03	-3.81	-8.001	0)
(628.65	-3.81	-8.001	0)
(636.27	-3.81	-8.001	0)
(643.89	-3.81	-8.001	0)
(651.51	-3.81	-8.001	0)
(659.13	-3.81	-8.001	0)
(666.75	-3.81	-8.001	0)
(674.37	-3.81	-8.001	0)
(681.99	-3.81	-8.001	0)
(689.61	-3.81	-8.001	0)
(697.23	-3.81	-8.001	0)
(704.85	-3.81	-8.001	0)
(712.47	-3.81	-8.001	0)
(720.09	-3.81	-8.001	0)
(727.71	-3.81	-8.001	0)
(735.33	-3.81	-8.001	0)
(742.95	-3.81	-8.001	0)
(750.57	-3.81	-8.001	0)
(758.19	-3.81	-8.001	0)
(3.81	-3.81	-8.763	0.51192)
(11.43	-3.81	-8.763	0.47906)
(19.05	-3.81	-8.763	0.45928)
(26.67	-3.81	-8.763	0.44501)
(34.29	-3.81	-8.763	0.43373)
(41.91	-3.81	-8.763	0.42437)
(49.53	-3.81	-8.763	0.41626)
(57.15	-3.81	-8.763	0.40905)
(64.77	-3.81	-8.763	0.40247)
(72.39	-3.81	-8.763	0.39629)
(80.01	-3.81	-8.763	0.39032)
(87.63	-3.81	-8.763	0.38438)
(95.25	-3.81	-8.763	0.37827)
(102.87	-3.81	-8.763	0.37169)
(110.49	-3.81	-8.763	0.36414)
(118.11	-3.81	-8.763	0.35483)
(125.73	-3.81	-8.763	0.34198)
(133.35	-3.81	-8.763	0.3209)
(140.97	-3.81	-8.763	0.27626)
(148.59	-3.81	-8.763	0.13591)
(156.21	-3.81	-8.763	0.00076748)
(163.83	-3.81	-8.763	0)
(171.45	-3.81	-8.763	0)
(179.07	-3.81	-8.763	0)
(186.69	-3.81	-8.763	0)
(194.31	-3.81	-8.763	0)
(201.93	-3.81	-8.763	0)
(209.55	-3.81	-8.763	0)
(217.17	-3.81	-8.763	0)
(224.79	-3.81	-8.763	0)
(232.41	-3.81	-8.763	0)
(240.03	-3.81	-8.763	0)
(247.65	-3.81	-8.763	0)
(255.27	-3.81	-8.763	0)
(262.89	-3.81	-8.763	0)
(270.51	-3.81	-8.763	0)
(278.13	-3.81	-8.763	0)
(285.75	-3.81	-8.763	0)
(293.37	-3.81	-8.763	0)
(300.99	-3.81	-8.763	0)
(308.61	-3.81	-8.763	0)
(316.23	-3.81	-8.763	0)
(323.85	-3.81	-8.763	0)
(331.47	-3.81	-8.763	0)
(339.09	-3.81	-8.763	0)
(346.71	-3.81	-8.763	0)
(354.33	-3.81	-8.763	0)
(361.95	-3.81	-8.763	0)
(369.57	-3.81	-8.763	0)
(377.19	-3.81	-8.763	0)
(384.81	-3.81	-8.763	0)
(392.43	-3.81	-8.763	0)
(400.05	-3.81	-8.763	0)
(407.67	-3.81	-8.763	0)
(415.29	-3.81	-8.763	0)
(422.91	-3.81	-8.763	0)
(430.53	-3.81	-8.763	0)
(438.15	-3.81	-8.763	0)
(445.77	-3.81	-8.763	0)
(453.39	-3.81	-8.763	0)
(461.01	-3.81	-8.763	0)
(468.63	-3.81	-8.763	0)
(476.25	-3.81	-8.763	0)
(483.87	-3.81	-8.763	0)
(491.49	-3.81	-8.763	0)
(499.11	-3.81	-8.763	0)
(506.73	-3.81	-8.763	0)
(514.35	-3.81	-8.763	0)
(521.97	-3.81	-8.763	0)
(529.59	-3.81	-8.763	0)
(537.21	-3.81	-8.763	0)
(544.83	-3.81	-8.763	0)
(552.45	-3.81	-8.763	0)
(560.07	-3.81	-8.763	0)
(567.69	-3.81	-8.763	0)
(575.31	-3.81	-8.763	0)
(582.93	-3.81	-8.763	0)
(590.55	-3.81	-8.763	0)
(598.17	-3.81	-8.763	0)
(605.79	-3.81	-8.763	0)
(613.41	-3.81	-8.763	0)
(621.03	-3.81	-8.763	0)
(628.65	-3.81	-8.763	0)
(636.27	-3.81	-8.763	0)
(643.89	-3.81	-8.763	0)
(651.51	-3.81	-8.763	0)
(659.13	-3.81	-8.763	0)
(666.75	-3.81	-8.763	0)
(674.37	-3.81	-8.763	0)
(681.99	-3.81	-8.763	0)
(689.61	-3.81	-8.763	0)
(697.23	-3.81	-8.763	0)
(704.85	-3.81	-8.763	0)
(712.47	-3.81	-8.763	0)
(720.09	-3.81	-8.763	0)
(727.71	-3.81	-8.763	0)
(735.33	-3.81	-8.763	0)
(742.95	-3.81	-8.763	0)
(750.57	-3.81	-8.763	0)
(758.19	-3.81	-8.763	0)
(3.81	-3.81	-9.525	0.51192)
(11.43	-3.81	-9.525	0.47906)
(19.05	-3.81	-9.525	0.45928)
(26.67	-3.81	-9.525	0.44501)
(34.29	-3.81	-9.525	0.43373)
(41.91	-3.81	-9.525	0.42437)
(49.53	-3.81	-9.525	0.41626)
(57.15	-3.81	-9.525	0.40905)
(64.77	-3.81	-9.525	0.40247)
(72.39	-3.81	-9.525	0.39629)
(80.01	-3.81	-9.525	0.39031)
(87.63	-3.81	-9.525	0.38438)
(95.25	-3.81	-9.525	0.37827)
(102.87	-3.81	-9.525	0.37169)
(110.49	-3.81	-9.525	0.36414)
(118.11	-3.81	-9.525	0.35483)
(125.73	-3.81	-9.525	0.34199)
(133.35	-3.81	-9.525	0.32094)
(140.97	-3.81	-9.525	0.27644)
(148.59	-3.81	-9.525	0.13655)
(156.21	-3.81	-9.525	0.00079636)
(163.83	-3.81	-9.525	0)
(171.45	-3.81	-9.525	0)
(179.07	-3.81	-9.525	0)
(186.69	-3.81	-9.525	0)
(194.31	-3.81	-9.525	0)
(201.93	-3.81	-9.525	0)
(209.55	-3.81	-9.525	0)
(217.17	-3.81	-9.525	0)
(224.79	-3.81	-9.525	0)
(232.41	-3.81	-9.525	0)
(240.03	-3.81	-9.525	0)
(247.65	-3.81	-9.525	0)
(255.27	-3.81	-9.525	0)
(262.89	-3.81	-9.525	0)
(270.51	-3.81	-9.525	0)
(278.13	-3.81	-9.525	0)
(285.75	-3.81	-9.525	0)
(293.37	-3.81	-9.525	0)
(300.99	-3.81	-9.525	0)
(308.61	-3.81	-9.525	0)
(316.23	-3.81	-9.525	0)
(323.85	-3.81	-9.525	0)
(331.47	-3.81	-9.525	0)
(339.09	-3.81	-9.525	0)
(346.71	-3.81	-9.525	0)
(354.33	-3.81	-9.525	0)
(361.95	-3.81	-9.525	0)
(369.57	-3.81	-9.525	0)
(377.19	-3.81	-9.525	0)
(384.81	-3.81	-9.525	0)
(392.43	-3.81	-9.525	0)
(400.05	-3.81	-9.525	0)
(407.67	-3.81	-9.525	0)
(415.29	-3.81	-9.525	0)
(422.91	-3.81	-9.525	0)
(430.53	-3.81	-9.525	0)
(438.15	-3.81	-9.525	0)
(445.77	-3.81	-9.525	0)
(453.39	-3.81	-9.525	0)
(461.01	-3.81	-9.525	0)
(468.63	-3.81	-9.525	0)
(476.25	-3.81	-9.525	0)
(483.87	-3.81	-9.525	0)
(491.49	-3.81	-9.525	0)
(499.11	-3.81	-9.525	0)
(506.73	-3.81	-9.525	0)
(514.35	-3.81	-9.525	0)
(521.97	-3.81	-9.525	0)
(529.59	-3.81	-9.525	0)
(537.21	-3.81	-9.525	0)
(544.83	-3.81	-9.525	0)
(552.45	-3.81	-9.525	0)
(560.07	-3.81	-9.525	0)
(567.69	-3.81	-9.525	0)
(575.31	-3.81	-9.525	0)
(582.93	-3.81	-9.525	0)
(590.55	-3.81	-9.525	0)
(598.17	-3.81	-9.525	0)
(605.79	-3.81	-9.525	0)
(613.41	-3.81	-9.525	0)
(621.03	-3.81	-9.525	0)
(628.65	-3.81	-9.525	0)
(636.27	-3.81	-9.525	0)
(643.89	-3.81	-9.525	0)
(651.51	-3.81	-9.525	0)
(659.13	-3.81	-9.525	0)
(666.75	-3.81	-9.525	0)
(674.37	-3.81	-9.525	0)
(681.99	-3.81	-9.525	0)
(689.61	-3.81	-9.525	0)
(697.23	-3.81	-9.525	0)
(704.85	-3.81	-9.525	0)
(712.47	-3.81	-9.525	0)
(720.09	-3.81	-9.525	0)
(727.71	-3.81	-9.525	0)
(735.33	-3.81	-9.525	0)
(742.95	-3.81	-9.525	0)
(750.57	-3.81	-9.525	0)
(758.19	-3.81	-9.525	0)
(3.81	-3.81	-10.287	0.51192)
(11.43	-3.81	-10.287	0.47906)
(19.05	-3.81	-10.287	0.45928)
(26.67	-3.81	-10.287	0.44501)
(34.29	-3.81	-10.287	0.43373)
(41.91	-3.81	-10.287	0.42437)
(49.53	-3.81	-10.287	0.41626)
(57.15	-3.81	-10.287	0.40904)
(64.77	-3.81	-10.287	0.40247)
(72.39	-3.81	-10.287	0.39629)
(80.01	-3.81	-10.287	0.39032)
(87.63	-3.81	-10.287	0.38438)
(95.25	-3.81	-10.287	0.37827)
(102.87	-3.81	-10.287	0.3717)
(110.49	-3.81	-10.287	0.36415)
(118.11	-3.81	-10.287	0.35486)
(125.73	-3.81	-10.287	0.34205)
(133.35	-3.81	-10.287	0.32111)
(140.97	-3.81	-10.287	0.27701)
(148.59	-3.81	-10.287	0.13858)
(156.21	-3.81	-10.287	0.00089647)
(163.83	-3.81	-10.287	0)
(171.45	-3.81	-10.287	0)
(179.07	-3.81	-10.287	0)
(186.69	-3.81	-10.287	0)
(194.31	-3.81	-10.287	0)
(201.93	-3.81	-10.287	0)
(209.55	-3.81	-10.287	0)
(217.17	-3.81	-10.287	0)
(224.79	-3.81	-10.287	0)
(232.41	-3.81	-10.287	0)
(240.03	-3.81	-10.287	0)
(247.65	-3.81	-10.287	0)
(255.27	-3.81	-10.287	0)
(262.89	-3.81	-10.287	0)
(270.51	-3.81	-10.287	0)
(278.13	-3.81	-10.287	0)
(285.75	-3.81	-10.287	0)
(293.37	-3.81	-10.287	0)
(300.99	-3.81	-10.287	0)
(308.61	-3.81	-10.287	0)
(316.23	-3.81	-10.287	0)
(323.85	-3.81	-10.287	0)
(331.47	-3.81	-10.287	0)
(339.09	-3.81	-10.287	0)
(346.71	-3.81	-10.287	0)
(354.33	-3.81	-10.287	0)
(361.95	-3.81	-10.287	0)
(369.57	-3.81	-10.287	0)
(377.19	-3.81	-10.287	0)
(384.81	-3.81	-10.287	0)
(392.43	-3.81	-10.287	0)
(400.05	-3.81	-10.287	0)
(407.67	-3.81	-10.287	0)
(415.29	-3.81	-10.287	0)
(422.91	-3.81	-10.287	0)
(430.53	-3.81	-10.287	0)
(438.15	-3.81	-10.287	0)
(445.77	-3.81	-10.287	0)
(453.39	-3.81	-10.287	0)
(461.01	-3.81	-10.287	0)
(468.63	-3.81	-10.287	0)
(476.25	-3.81	-10.287	0)
(483.87	-3.81	-10.287	0)
(491.49	-3.81	-10.287	0)
(499.11	-3.81	-10.287	0)
(506.73	-3.81	-10.287	0)
(514.35	-3.81	-10.287	0)
(521.97	-3.81	-10.287	0)
(529.59	-3.81	-10.287	0)
(537.21	-3.81	-10.287	0)
(544.83	-3.81	-10.287	0)
(552.45	-3.81	-10.287	0)
(560.07	-3.81	-10.287	0)
(567.69	-3.81	-10.287	0)
(575.31	-3.81	-10.287	0)
(582.93	-3.81	-10.287	0)
(590.55	-3.81	-10.287	0)
(598.17	-3.81	-10.287	0)
(605.79	-3.81	-10.287	0)
(613.41	-3.81	-10.287	0)
(621.03	-3.81	-10.287	0)
(628.65	-3.81	-10.287	0)
(636.27	-3.81	-10.287	0)
(643.89	-3.81	-10.287	0)
(651.51	-3.81	-10.287	0)
(659.13	-3.81	-10.287	0)
(666.75	-3.81	-10.287	0)
(674.37	-3.81	-10.287	0)
(681.99	-3.81	-10.287	0)
(689.61	-3.81	-10.287	0)
(697.23	-3.81	-10.287	0)
(704.85	-3.81	-10.287	0)
(712.47	-3.81	-10.287	0)
(720.09	-3.81	-10.287	0)
(727.71	-3.81	-10.287	0)
(735.33	-3.81	-10.287	0)
(742.95	-3.81	-10.287	0)
(750.57	-3.81	-10.287	0)
(758.19	-3.81	-10.287	0)
(3.81	-3.81	-11.049	0.51192)
(11.43	-3.81	-11.049	0.47906)
(19.05	-3.81	-11.049	0.45928)
(26.67	-3.81	-11.049	0.44501)
(34.29	-3.81	-11.049	0.43373)
(41.91	-3.81	-11.049	0.42437)
(49.53	-3.81	-11.049	0.41626)
(57.15	-3.81	-11.049	0.40904)
(64.77	-3.81	-11.049	0.40247)
(72.39	-3.81	-11.049	0.39629)
(80.01	-3.81	-11.049	0.39031)
(87.63	-3.81	-11.049	0.38438)
(95.25	-3.81	-11.049	0.37827)
(102.87	-3.81	-11.049	0.3717)
(110.49	-3.81	-11.049	0.36416)
(118.11	-3.81	-11.049	0.35487)
(125.73	-3.81	-11.049	0.34208)
(133.35	-3.81	-11.049	0.32121)
(140.97	-3.81	-11.049	0.27739)
(148.59	-3.81	-11.049	0.13997)
(156.21	-3.81	-11.049	0.00097161)
(163.83	-3.81	-11.049	0)
(171.45	-3.81	-11.049	0)
(179.07	-3.81	-11.049	0)
(186.69	-3.81	-11.049	0)
(194.31	-3.81	-11.049	0)
(201.93	-3.81	-11.049	0)
(209.55	-3.81	-11.049	0)
(217.17	-3.81	-11.049	0)
(224.79	-3.81	-11.049	0)
(232.41	-3.81	-11.049	0)
(240.03	-3.81	-11.049	0)
(247.65	-3.81	-11.049	0)
(255.27	-3.81	-11.049	0)
(262.89	-3.81	-11.049	0)
(270.51	-3.81	-11.049	0)
(278.13	-3.81	-11.049	0)
(285.75	-3.81	-11.049	0)
(293.37	-3.81	-11.049	0)
(300.99	-3.81	-11.049	0)
(308.61	-3.81	-11.049	0)
(316.23	-3.81	-11.049	0)
(323.85	-3.81	-11.049	0)
(331.47	-3.81	-11.049	0)
(339.09	-3.81	-11.049	0)
(346.71	-3.81	-11.049	0)
(354.33	-3.81	-11.049	0)
(361.95	-3.81	-11.049	0)
(369.57	-3.81	-11.049	0)
(377.19	-3.81	-11.049	0)
(384.81	-3.81	-11.049	0)
(392.43	-3.81	-11.049	0)
(400.05	-3.81	-11.049	0)
(407.67	-3.81	-11.049	0)
(415.29	-3.81	-11.049	0)
(422.91	-3.81	-11.049	0)
(430.53	-3.81	-11.049	0)
(438.15	-3.81	-11.049	0)
(445.77	-3.81	-11.049	0)
(453.39	-3.81	-11.049	0)
(461.01	-3.81	-11.049	0)
(468.63	-3.81	-11.049	0)
(476.25	-3.81	-11.049	0)
(483.87	-3.81	-11.049	0)
(491.49	-3.81	-11.049	0)
(499.11	-3.81	-11.049	0)
(506.73	-3.81	-11.049	0)
(514.35	-3.81	-11.049	0)
(521.97	-3.81	-11.049	0)
(529.59	-3.81	-11.049	0)
(537.21	-3.81	-11.049	0)
(544.83	-3.81	-11.049	0)
(552.45	-3.81	-11.049	0)
(560.07	-3.81	-11.049	0)
(567.69	-3.81	-11.049	0)
(575.31	-3.81	-11.049	0)
(582.93	-3.81	-11.049	0)
(590.55	-3.81	-11.049	0)
(598.17	-3.81	-11.049	0)
(605.79	-3.81	-11.049	0)
(613.41	-3.81	-11.049	0)
(621.03	-3.81	-11.049	0)
(628.65	-3.81	-11.049	0)
(636.27	-3.81	-11.049	0)
(643.89	-3.81	-11.049	0)
(651.51	-3.81	-11.049	0)
(659.13	-3.81	-11.049	0)
(666.75	-3.81	-11.049	0)
(674.37	-3.81	-11.049	0)
(681.99	-3.81	-11.049	0)
(689.61	-3.81	-11.049	0)
(697.23	-3.81	-11.049	0)
(704.85	-3.81	-11.049	0)
(712.47	-3.81	-11.049	0)
(720.09	-3.81	-11.049	0)
(727.71	-3.81	-11.049	0)
(735.33	-3.81	-11.049	0)
(742.95	-3.81	-11.049	0)
(750.57	-3.81	-11.049	0)
(758.19	-3.81	-11.049	0)
(3.81	-3.81	-11.811	0.51192)
(11.43	-3.81	-11.811	0.47906)
(19.05	-3.81	-11.811	0.45928)
(26.67	-3.81	-11.811	0.44501)
(34.29	-3.81	-11.811	0.43373)
(41.91	-3.81	-11.811	0.42437)
(49.53	-3.81	-11.811	0.41626)
(57.15	-3.81	-11.811	0.40904)
(64.77	-3.81	-11.811	0.40247)
(72.39	-3.81	-11.811	0.39629)
(80.01	-3.81	-11.811	0.39031)
(87.63	-3.81	-11.811	0.38438)
(95.25	-3.81	-11.811	0.37827)
(102.87	-3.81	-11.811	0.3717)
(110.49	-3.81	-11.811	0.36416)
(118.11	-3.81	-11.811	0.35488)
(125.73	-3.81	-11.811	0.34212)
(133.35	-3.81	-11.811	0.32133)
(140.97	-3.81	-11.811	0.27785)
(148.59	-3.81	-11.811	0.1417)
(156.21	-3.81	-11.811	0.0010727)
(163.83	-3.81	-11.811	0)
(171.45	-3.81	-11.811	0)
(179.07	-3.81	-11.811	0)
(186.69	-3.81	-11.811	0)
(194.31	-3.81	-11.811	0)
(201.93	-3.81	-11.811	0)
(209.55	-3.81	-11.811	0)
(217.17	-3.81	-11.811	0)
(224.79	-3.81	-11.811	0)
(232.41	-3.81	-11.811	0)
(240.03	-3.81	-11.811	0)
(247.65	-3.81	-11.811	0)
(255.27	-3.81	-11.811	0)
(262.89	-3.81	-11.811	0)
(270.51	-3.81	-11.811	0)
(278.13	-3.81	-11.811	0)
(285.75	-3.81	-11.811	0)
(293.37	-3.81	-11.811	0)
(300.99	-3.81	-11.811	0)
(308.61	-3.81	-11.811	0)
(316.23	-3.81	-11.811	0)
(323.85	-3.81	-11.811	0)
(331.47	-3.81	-11.811	0)
(339.09	-3.81	-11.811	0)
(346.71	-3.81	-11.811	0)
(354.33	-3.81	-11.811	0)
(361.95	-3.81	-11.811	0)
(369.57	-3.81	-11.811	0)
(377.19	-3.81	-11.811	0)
(384.81	-3.81	-11.811	0)
(392.43	-3.81	-11.811	0)
(400.05	-3.81	-11.811	0)
(407.67	-3.81	-11.811	0)
(415.29	-3.81	-11.811	0)
(422.91	-3.81	-11.811	0)
(430.53	-3.81	-11.811	0)
(438.15	-3.81	-11.811	0)
(445.77	-3.81	-11.811	0)
(453.39	-3.81	-11.811	0)
(461.01	-3.81	-11.811	0)
(468.63	-3.81	-11.811	0)
(476.25	-3.81	-11.811	0)
(483.87	-3.81	-11.811	0)
(491.49	-3.81	-11.811	0)
(499.11	-3.81	-11.811	0)
(506.73	-3.81	-11.811	0)
(514.35	-3.81	-11.811	0)
(521.97	-3.81	-11.811	0)
(529.59	-3.81	-11.811	0)
(537.21	-3.81	-11.811	0)
(544.83	-3.81	-11.811	0)
(552.45	-3.81	-11.811	0)
(560.07	-3.81	-11.811	0)
(567.69	-3.81	-11.811	0)
(575.31	-3.81	-11.811	0)
(582.93	-3.81	-11.811	0)
(590.55	-3.81	-11.811	0)
(598.17	-3.81	-11.811	0)
(605.79	-3.81	-11.811	0)
(613.41	-3.81	-11.811	0)
(621.03	-3.81	-11.811	0)
(628.65	-3.81	-11.811	0)
(636.27	-3.81	-11.811	0)
(643.89	-3.81	-11.811	0)
(651.51	-3.81	-11.811	0)
(659.13	-3.81	-11.811	0)
(666.75	-3.81	-11.811	0)
(674.37	-3.81	-11.811	0)
(681.99	-3.81	-11.811	0)
(689.61	-3.81	-11.811	0)
(697.23	-3.81	-11.811	0)
(704.85	-3.81	-11.811	0)
(712.47	-3.81	-11.811	0)
(720.09	-3.81	-11.811	0)
(727.71	-3.81	-11.811	0)
(735.33	-3.81	-11.811	0)
(742.95	-3.81	-11.811	0)
(750.57	-3.81	-11.811	0)
(758.19	-3.81	-11.811	0)
(3.81	-3.81	-12.573	0.51192)
(11.43	-3.81	-12.573	0.47906)
(19.05	-3.81	-12.573	0.45928)
(26.67	-3.81	-12.573	0.44501)
(34.29	-3.81	-12.573	0.43373)
(41.91	-3.81	-12.573	0.42437)
(49.53	-3.81	-12.573	0.41626)
(57.15	-3.81	-12.573	0.40904)
(64.77	-3.81	-12.573	0.40247)
(72.39	-3.81	-12.573	0.39629)
(80.01	-3.81	-12.573	0.39031)
(87.63	-3.81	-12.573	0.38438)
(95.25	-3.81	-12.573	0.37828)
(102.87	-3.81	-12.573	0.3717)
(110.49	-3.81	-12.573	0.36417)
(118.11	-3.81	-12.573	0.35491)
(125.73	-3.81	-12.573	0.34218)
(133.35	-3.81	-12.573	0.3215)
(140.97	-3.81	-12.573	0.27847)
(148.59	-3.81	-12.573	0.14405)
(156.21	-3.81	-12.573	0.0012251)
(163.83	-3.81	-12.573	0)
(171.45	-3.81	-12.573	0)
(179.07	-3.81	-12.573	0)
(186.69	-3.81	-12.573	0)
(194.31	-3.81	-12.573	0)
(201.93	-3.81	-12.573	0)
(209.55	-3.81	-12.573	0)
(217.17	-3.81	-12.573	0)
(224.79	-3.81	-12.573	0)
(232.41	-3.81	-12.573	0)
(240.03	-3.81	-12.573	0)
(247.65	-3.81	-12.573	0)
(255.27	-3.81	-12.573	0)
(262.89	-3.81	-12.573	0)
(270.51	-3.81	-12.573	0)
(278.13	-3.81	-12.573	0)
(285.75	-3.81	-12.573	0)
(293.37	-3.81	-12.573	0)
(300.99	-3.81	-12.573	0)
(308.61	-3.81	-12.573	0)
(316.23	-3.81	-12.573	0)
(323.85	-3.81	-12.573	0)
(331.47	-3.81	-12.573	0)
(339.09	-3.81	-12.573	0)
(346.71	-3.81	-12.573	0)
(354.33	-3.81	-12.573	0)
(361.95	-3.81	-12.573	0)
(369.57	-3.81	-12.573	0)
(377.19	-3.81	-12.573	0)
(384.81	-3.81	-12.573	0)
(392.43	-3.81	-12.573	0)
(400.05	-3.81	-12.573	0)
(407.67	-3.81	-12.573	0)
(415.29	-3.81	-12.573	0)
(422.91	-3.81	-12.573	0)
(430.53	-3.81	-12.573	0)
(438.15	-3.81	-12.573	0)
(445.77	-3.81	-12.573	0)
(453.39	-3.81	-12.573	0)
(461.01	-3.81	-12.573	0)
(468.63	-3.81	-12.573	0)
(476.25	-3.81	-12.573	0)
(483.87	-3.81	-12.573	0)
(491.49	-3.81	-12.573	0)
(499.11	-3.81	-12.573	0)
(506.73	-3.81	-12.573	0)
(514.35	-3.81	-12.573	0)
(521.97	-3.81	-12.573	0)
(529.59	-3.81	-12.573	0)
(537.21	-3.81	-12.573	0)
(544.83	-3.81	-12.573	0)
(552.45	-3.81	-12.573	0)
(560.07	-3.81	-12.573	0)
(567.69	-3.81	-12.573	0)
(575.31	-3.81	-12.573	0)
(582.93	-3.81	-12.573	0)
(590.55	-3.81	-12.573	0)
(598.17	-3.81	-12.573	0)
(605.79	-3.81	-12.573	0)
(613.41	-3.81	-12.573	0)
(621.03	-3.81	-12.573	0)
(628.65	-3.81	-12.573	0)
(636.27	-3.81	-12.573	0)
(643.89	-3.81	-12.573	0)
(651.51	-3.81	-12.573	0)
(659.13	-3.81	-12.573	0)
(666.75	-3.81	-12.573	0)
(674.37	-3.81	-12.573	0)
(681.99	-3.81	-12.573	0)
(689.61	-3.81	-12.573	0)
(697.23	-3.81	-12.573	0)
(704.85	-3.81	-12.573	0)
(712.47	-3.81	-12.573	0)
(720.09	-3.81	-12.573	0)
(727.71	-3.81	-12.573	0)
(735.33	-3.81	-12.573	0)
(742.95	-3.81	-12.573	0)
(750.57	-3.81	-12.573	0)
(758.19	-3.81	-12.573	0)
(3.81	-3.81	-13.335	0.51192)
(11.43	-3.81	-13.335	0.47906)
(19.05	-3.81	-13.335	0.45928)
(26.67	-3.81	-13.335	0.445)
(34.29	-3.81	-13.335	0.43373)
(41.91	-3.81	-13.335	0.42437)
(49.53	-3.81	-13.335	0.41626)
(57.15	-3.81	-13.335	0.40904)
(64.77	-3.81	-13.335	0.40247)
(72.39	-3.81	-13.335	0.39629)
(80.01	-3.81	-13.335	0.39031)
(87.63	-3.81	-13.335	0.38438)
(95.25	-3.81	-13.335	0.37827)
(102.87	-3.81	-13.335	0.3717)
(110.49	-3.81	-13.335	0.36417)
(118.11	-3.81	-13.335	0.35491)
(125.73	-3.81	-13.335	0.3422)
(133.35	-3.81	-13.335	0.32158)
(140.97	-3.81	-13.335	0.2789)
(148.59	-3.81	-13.335	0.14581)
(156.21	-3.81	-13.335	0.0013508)
(163.83	-3.81	-13.335	0)
(171.45	-3.81	-13.335	0)
(179.07	-3.81	-13.335	0)
(186.69	-3.81	-13.335	0)
(194.31	-3.81	-13.335	0)
(201.93	-3.81	-13.335	0)
(209.55	-3.81	-13.335	0)
(217.17	-3.81	-13.335	0)
(224.79	-3.81	-13.335	0)
(232.41	-3.81	-13.335	0)
(240.03	-3.81	-13.335	0)
(247.65	-3.81	-13.335	0)
(255.27	-3.81	-13.335	0)
(262.89	-3.81	-13.335	0)
(270.51	-3.81	-13.335	0)
(278.13	-3.81	-13.335	0)
(285.75	-3.81	-13.335	0)
(293.37	-3.81	-13.335	0)
(300.99	-3.81	-13.335	0)
(308.61	-3.81	-13.335	0)
(316.23	-3.81	-13.335	0)
(323.85	-3.81	-13.335	0)
(331.47	-3.81	-13.335	0)
(339.09	-3.81	-13.335	0)
(346.71	-3.81	-13.335	0)
(354.33	-3.81	-13.335	0)
(361.95	-3.81	-13.335	0)
(369.57	-3.81	-13.335	0)
(377.19	-3.81	-13.335	0)
(384.81	-3.81	-13.335	0)
(392.43	-3.81	-13.335	0)
(400.05	-3.81	-13.335	0)
(407.67	-3.81	-13.335	0)
(415.29	-3.81	-13.335	0)
(422.91	-3.81	-13.335	0)
(430.53	-3.81	-13.335	0)
(438.15	-3.81	-13.335	0)
(445.77	-3.81	-13.335	0)
(453.39	-3.81	-13.335	0)
(461.01	-3.81	-13.335	0)
(468.63	-3.81	-13.335	0)
(476.25	-3.81	-13.335	0)
(483.87	-3.81	-13.335	0)
(491.49	-3.81	-13.335	0)
(499.11	-3.81	-13.335	0)
(506.73	-3.81	-13.335	0)
(514.35	-3.81	-13.335	0)
(521.97	-3.81	-13.335	0)
(529.59	-3.81	-13.335	0)
(537.21	-3.81	-13.335	0)
(544.83	-3.81	-13.335	0)
(552.45	-3.81	-13.335	0)
(560.07	-3.81	-13.335	0)
(567.69	-3.81	-13.335	0)
(575.31	-3.81	-13.335	0)
(582.93	-3.81	-13.335	0)
(590.55	-3.81	-13.335	0)
(598.17	-3.81	-13.335	0)
(605.79	-3.81	-13.335	0)
(613.41	-3.81	-13.335	0)
(621.03	-3.81	-13.335	0)
(628.65	-3.81	-13.335	0)
(636.27	-3.81	-13.335	0)
(643.89	-3.81	-13.335	0)
(651.51	-3.81	-13.335	0)
(659.13	-3.81	-13.335	0)
(666.75	-3.81	-13.335	0)
(674.37	-3.81	-13.335	0)
(681.99	-3.81	-13.335	0)
(689.61	-3.81	-13.335	0)
(697.23	-3.81	-13.335	0)
(704.85	-3.81	-13.335	0)
(712.47	-3.81	-13.335	0)
(720.09	-3.81	-13.335	0)
(727.71	-3.81	-13.335	0)
(735.33	-3.81	-13.335	0)
(742.95	-3.81	-13.335	0)
(750.57	-3.81	-13.335	0)
(758.19	-3.81	-13.335	0)
(3.81	-3.81	-14.097	0.51192)
(11.43	-3.81	-14.097	0.47906)
(19.05	-3.81	-14.097	0.45928)
(26.67	-3.81	-14.097	0.445)
(34.29	-3.81	-14.097	0.43372)
(41.91	-3.81	-14.097	0.42436)
(49.53	-3.81	-14.097	0.41626)
(57.15	-3.81	-14.097	0.40904)
(64.77	-3.81	-14.097	0.40246)
(72.39	-3.81	-14.097	0.39629)
(80.01	-3.81	-14.097	0.39031)
(87.63	-3.81	-14.097	0.38437)
(95.25	-3.81	-14.097	0.37826)
(102.87	-3.81	-14.097	0.37168)
(110.49	-3.81	-14.097	0.36413)
(118.11	-3.81	-14.097	0.35481)
(125.73	-3.81	-14.097	0.34193)
(133.35	-3.81	-14.097	0.32088)
(140.97	-3.81	-14.097	0.27764)
(148.59	-3.81	-14.097	0.14193)
(156.21	-3.81	-14.097	0.0010755)
(163.83	-3.81	-14.097	0)
(171.45	-3.81	-14.097	0)
(179.07	-3.81	-14.097	0)
(186.69	-3.81	-14.097	0)
(194.31	-3.81	-14.097	0)
(201.93	-3.81	-14.097	0)
(209.55	-3.81	-14.097	0)
(217.17	-3.81	-14.097	0)
(224.79	-3.81	-14.097	0)
(232.41	-3.81	-14.097	0)
(240.03	-3.81	-14.097	0)
(247.65	-3.81	-14.097	0)
(255.27	-3.81	-14.097	0)
(262.89	-3.81	-14.097	0)
(270.51	-3.81	-14.097	0)
(278.13	-3.81	-14.097	0)
(285.75	-3.81	-14.097	0)
(293.37	-3.81	-14.097	0)
(300.99	-3.81	-14.097	0)
(308.61	-3.81	-14.097	0)
(316.23	-3.81	-14.097	0)
(323.85	-3.81	-14.097	0)
(331.47	-3.81	-14.097	0)
(339.09	-3.81	-14.097	0)
(346.71	-3.81	-14.097	0)
(354.33	-3.81	-14.097	0)
(361.95	-3.81	-14.097	0)
(369.57	-3.81	-14.097	0)
(377.19	-3.81	-14.097	0)
(384.81	-3.81	-14.097	0)
(392.43	-3.81	-14.097	0)
(400.05	-3.81	-14.097	0)
(407.67	-3.81	-14.097	0)
(415.29	-3.81	-14.097	0)
(422.91	-3.81	-14.097	0)
(430.53	-3.81	-14.097	0)
(438.15	-3.81	-14.097	0)
(445.77	-3.81	-14.097	0)
(453.39	-3.81	-14.097	0)
(461.01	-3.81	-14.097	0)
(468.63	-3.81	-14.097	0)
(476.25	-3.81	-14.097	0)
(483.87	-3.81	-14.097	0)
(491.49	-3.81	-14.097	0)
(499.11	-3.81	-14.097	0)
(506.73	-3.81	-14.097	0)
(514.35	-3.81	-14.097	0)
(521.97	-3.81	-14.097	0)
(529.59	-3.81	-14.097	0)
(537.21	-3.81	-14.097	0)
(544.83	-3.81	-14.097	0)
(552.45	-3.81	-14.097	0)
(560.07	-3.81	-14.097	0)
(567.69	-3.81	-14.097	0)
(575.31	-3.81	-14.097	0)
(582.93	-3.81	-14.097	0)
(590.55	-3.81	-14.097	0)
(598.17	-3.81	-14.097	0)
(605.79	-3.81	-14.097	0)
(613.41	-3.81	-14.097	0)
(621.03	-3.81	-14.097	0)
(628.65	-3.81	-14.097	0)
(636.27	-3.81	-14.097	0)
(643.89	-3.81	-14.097	0)
(651.51	-3.81	-14.097	0)
(659.13	-3.81	-14.097	0)
(666.75	-3.81	-14.097	0)
(674.37	-3.81	-14.097	0)
(681.99	-3.81	-14.097	0)
(689.61	-3.81	-14.097	0)
(697.23	-3.81	-14.097	0)
(704.85	-3.81	-14.097	0)
(712.47	-3.81	-14.097	0)
(720.09	-3.81	-14.097	0)
(727.71	-3.81	-14.097	0)
(735.33	-3.81	-14.097	0)
(742.95	-3.81	-14.097	0)
(750.57	-3.81	-14.097	0)
(758.19	-3.81	-14.097	0)
(3.81	-3.81	-14.859	0.5115)
(11.43	-3.81	-14.859	0.47857)
(19.05	-3.81	-14.859	0.45873)
(26.67	-3.81	-14.859	0.4444)
(34.29	-3.81	-14.859	0.43307)
(41.91	-3.81	-14.859	0.42367)
(49.53	-3.81	-14.859	0.41553)
(57.15	-3.81	-14.859	0.40828)
(64.77	-3.81	-14.859	0.40167)
(72.39	-3.81	-14.859	0.39546)
(80.01	-3.81	-14.859	0.38944)
(87.63	-3.81	-14.859	0.38344)
(95.25	-3.81	-14.859	0.37724)
(102.87	-3.81	-14.859	0.37049)
(110.49	-3.81	-14.859	0.36261)
(118.11	-3.81	-14.859	0.35261)
(125.73	-3.81	-14.859	0.338)
(133.35	-3.81	-14.859	0.31175)
(140.97	-3.81	-14.859	0.24727)
(148.59	-3.81	-14.859	0.065215)
(156.21	-3.81	-14.859	0)
(163.83	-3.81	-14.859	0)
(171.45	-3.81	-14.859	0)
(179.07	-3.81	-14.859	0)
(186.69	-3.81	-14.859	0)
(194.31	-3.81	-14.859	0)
(201.93	-3.81	-14.859	0)
(209.55	-3.81	-14.859	0)
(217.17	-3.81	-14.859	0)
(224.79	-3.81	-14.859	0)
(232.41	-3.81	-14.859	0)
(240.03	-3.81	-14.859	0)
(247.65	-3.81	-14.859	0)
(255.27	-3.81	-14.859	0)
(262.89	-3.81	-14.859	0)
(270.51	-3.81	-14.859	0)
(278.13	-3.81	-14.859	0)
(285.75	-3.81	-14.859	0)
(293.37	-3.81	-14.859	0)
(300.99	-3.81	-14.859	0)
(308.61	-3.81	-14.859	0)
(316.23	-3.81	-14.859	0)
(323.85	-3.81	-14.859	0)
(331.47	-3.81	-14.859	0)
(339.09	-3.81	-14.859	0)
(346.71	-3.81	-14.859	0)
(354.33	-3.81	-14.859	0)
(361.95	-3.81	-14.859	0)
(369.57	-3.81	-14.859	0)
(377.19	-3.81	-14.859	0)
(384.81	-3.81	-14.859	0)
(392.43	-3.81	-14.859	0)
(400.05	-3.81	-14.859	0)
(407.67	-3.81	-14.859	0)
(415.29	-3.81	-14.859	0)
(422.91	-3.81	-14.859	0)
(430.53	-3.81	-14.859	0)
(438.15	-3.81	-14.859	0)
(445.77	-3.81	-14.859	0)
(453.39	-3.81	-14.859	0)
(461.01	-3.81	-14.859	0)
(468.63	-3.81	-14.859	0)
(476.25	-3.81	-14.859	0)
(483.87	-3.81	-14.859	0)
(491.49	-3.81	-14.859	0)
(499.11	-3.81	-14.859	0)
(506.73	-3.81	-14.859	0)
(514.35	-3.81	-14.859	0)
(521.97	-3.81	-14.859	0)
(529.59	-3.81	-14.859	0)
(537.21	-3.81	-14.859	0)
(544.83	-3.81	-14.859	0)
(552.45	-3.81	-14.859	0)
(560.07	-3.81	-14.859	0)
(567.69	-3.81	-14.859	0)
(575.31	-3.81	-14.859	0)
(582.93	-3.81	-14.859	0)
(590.55	-3.81	-14.859	0)
(598.17	-3.81	-14.859	0)
(605.79	-3.81	-14.859	0)
(613.41	-3.81	-14.859	0)
(621.03	-3.81	-14.859	0)
(628.65	-3.81	-14.859	0)
(636.27	-3.81	-14.859	0)
(643.89	-3.81	-14.859	0)
(651.51	-3.81	-14.859	0)
(659.13	-3.81	-14.859	0)
(666.75	-3.81	-14.859	0)
(674.37	-3.81	-14.859	0)
(681.99	-3.81	-14.859	0)
(689.61	-3.81	-14.859	0)
(697.23	-3.81	-14.859	0)
(704.85	-3.81	-14.859	0)
(712.47	-3.81	-14.859	0)
(720.09	-3.81	-14.859	0)
(727.71	-3.81	-14.859	0)
(735.33	-3.81	-14.859	0)
(742.95	-3.81	-14.859	0)
(750.57	-3.81	-14.859	0)
(758.19	-3.81	-14.859	0)
