(3.81	-3.81	-0.381	4.7494e6)
(11.43	-3.81	-0.381	4.7109e6)
(19.05	-3.81	-0.381	4.6418e6)
(26.67	-3.81	-0.381	4.5692e6)
(34.29	-3.81	-0.381	4.515e6)
(41.91	-3.81	-0.381	4.4617e6)
(49.53	-3.81	-0.381	4.4122e6)
(57.15	-3.81	-0.381	4.3755e6)
(64.77	-3.81	-0.381	4.3283e6)
(72.39	-3.81	-0.381	4.1782e6)
(80.01	-3.81	-0.381	4.0159e6)
(87.63	-3.81	-0.381	3.908e6)
(95.25	-3.81	-0.381	3.849e6)
(102.87	-3.81	-0.381	3.8105e6)
(110.49	-3.81	-0.381	3.7808e6)
(118.11	-3.81	-0.381	3.7568e6)
(125.73	-3.81	-0.381	3.7185e6)
(133.35	-3.81	-0.381	3.6809e6)
(140.97	-3.81	-0.381	3.6234e6)
(148.59	-3.81	-0.381	3.5665e6)
(156.21	-3.81	-0.381	3.5074e6)
(163.83	-3.81	-0.381	3.4435e6)
(171.45	-3.81	-0.381	3.4236e6)
(179.07	-3.81	-0.381	3.3942e6)
(186.69	-3.81	-0.381	3.3666e6)
(194.31	-3.81	-0.381	3.3346e6)
(201.93	-3.81	-0.381	3.2992e6)
(209.55	-3.81	-0.381	3.2711e6)
(217.17	-3.81	-0.381	3.2379e6)
(224.79	-3.81	-0.381	3.2024e6)
(232.41	-3.81	-0.381	3.1652e6)
(240.03	-3.81	-0.381	3.1193e6)
(247.65	-3.81	-0.381	3.0961e6)
(255.27	-3.81	-0.381	3.0767e6)
(262.89	-3.81	-0.381	3.058e6)
(270.51	-3.81	-0.381	3.0408e6)
(278.13	-3.81	-0.381	3.0045e6)
(285.75	-3.81	-0.381	2.9746e6)
(293.37	-3.81	-0.381	2.9484e6)
(300.99	-3.81	-0.381	2.9161e6)
(308.61	-3.81	-0.381	2.8818e6)
(316.23	-3.81	-0.381	2.8561e6)
(323.85	-3.81	-0.381	2.836e6)
(331.47	-3.81	-0.381	2.8245e6)
(339.09	-3.81	-0.381	2.8164e6)
(346.71	-3.81	-0.381	2.8095e6)
(354.33	-3.81	-0.381	2.5434e6)
(361.95	-3.81	-0.381	2.4729e6)
(369.57	-3.81	-0.381	2.4332e6)
(377.19	-3.81	-0.381	2.3859e6)
(384.81	-3.81	-0.381	2.3584e6)
(392.43	-3.81	-0.381	2.3358e6)
(400.05	-3.81	-0.381	2.2843e6)
(407.67	-3.81	-0.381	2.2425e6)
(415.29	-3.81	-0.381	2.1983e6)
(422.91	-3.81	-0.381	2.1496e6)
(430.53	-3.81	-0.381	2.1035e6)
(438.15	-3.81	-0.381	2.0571e6)
(445.77	-3.81	-0.381	2.0088e6)
(453.39	-3.81	-0.381	1.9474e6)
(461.01	-3.81	-0.381	1.892e6)
(468.63	-3.81	-0.381	1.874e6)
(476.25	-3.81	-0.381	1.8513e6)
(483.87	-3.81	-0.381	1.8294e6)
(491.49	-3.81	-0.381	1.8008e6)
(499.11	-3.81	-0.381	1.7711e6)
(506.73	-3.81	-0.381	1.7398e6)
(514.35	-3.81	-0.381	1.7162e6)
(521.97	-3.81	-0.381	1.6905e6)
(529.59	-3.81	-0.381	1.6492e6)
(537.21	-3.81	-0.381	1.6356e6)
(544.83	-3.81	-0.381	1.6171e6)
(552.45	-3.81	-0.381	1.5954e6)
(560.07	-3.81	-0.381	1.5761e6)
(567.69	-3.81	-0.381	1.557e6)
(575.31	-3.81	-0.381	1.5376e6)
(582.93	-3.81	-0.381	1.5161e6)
(590.55	-3.81	-0.381	1.4973e6)
(598.17	-3.81	-0.381	1.4054e6)
(605.79	-3.81	-0.381	1.3691e6)
(613.41	-3.81	-0.381	1.331e6)
(621.03	-3.81	-0.381	1.289e6)
(628.65	-3.81	-0.381	1.2651e6)
(636.27	-3.81	-0.381	1.2379e6)
(643.89	-3.81	-0.381	1.2078e6)
(651.51	-3.81	-0.381	1.1828e6)
(659.13	-3.81	-0.381	1.1662e6)
(666.75	-3.81	-0.381	1.1478e6)
(674.37	-3.81	-0.381	1.1339e6)
(681.99	-3.81	-0.381	1.0777e6)
(689.61	-3.81	-0.381	0.98945e6)
(697.23	-3.81	-0.381	0.94557e6)
(704.85	-3.81	-0.381	0.91216e6)
(712.47	-3.81	-0.381	0.87057e6)
(720.09	-3.81	-0.381	0.82914e6)
(727.71	-3.81	-0.381	0.7888e6)
(735.33	-3.81	-0.381	0.73445e6)
(742.95	-3.81	-0.381	0.71453e6)
(750.57	-3.81	-0.381	0.69734e6)
(758.19	-3.81	-0.381	0.67199e6)
(3.81	-3.81	-1.143	4.7505e6)
(11.43	-3.81	-1.143	4.7108e6)
(19.05	-3.81	-1.143	4.6413e6)
(26.67	-3.81	-1.143	4.5692e6)
(34.29	-3.81	-1.143	4.5154e6)
(41.91	-3.81	-1.143	4.4563e6)
(49.53	-3.81	-1.143	4.415e6)
(57.15	-3.81	-1.143	4.3809e6)
(64.77	-3.81	-1.143	4.3427e6)
(72.39	-3.81	-1.143	4.1809e6)
(80.01	-3.81	-1.143	4.0144e6)
(87.63	-3.81	-1.143	3.8997e6)
(95.25	-3.81	-1.143	3.8413e6)
(102.87	-3.81	-1.143	3.8113e6)
(110.49	-3.81	-1.143	3.7845e6)
(118.11	-3.81	-1.143	3.7621e6)
(125.73	-3.81	-1.143	3.7317e6)
(133.35	-3.81	-1.143	3.6871e6)
(140.97	-3.81	-1.143	3.6253e6)
(148.59	-3.81	-1.143	3.5712e6)
(156.21	-3.81	-1.143	3.524e6)
(163.83	-3.81	-1.143	3.4828e6)
(171.45	-3.81	-1.143	3.46e6)
(179.07	-3.81	-1.143	3.4118e6)
(186.69	-3.81	-1.143	3.3819e6)
(194.31	-3.81	-1.143	3.3536e6)
(201.93	-3.81	-1.143	3.3249e6)
(209.55	-3.81	-1.143	3.2962e6)
(217.17	-3.81	-1.143	3.2539e6)
(224.79	-3.81	-1.143	3.2086e6)
(232.41	-3.81	-1.143	3.1681e6)
(240.03	-3.81	-1.143	3.119e6)
(247.65	-3.81	-1.143	3.0961e6)
(255.27	-3.81	-1.143	3.0768e6)
(262.89	-3.81	-1.143	3.058e6)
(270.51	-3.81	-1.143	3.0407e6)
(278.13	-3.81	-1.143	3.0068e6)
(285.75	-3.81	-1.143	2.9748e6)
(293.37	-3.81	-1.143	2.9487e6)
(300.99	-3.81	-1.143	2.9163e6)
(308.61	-3.81	-1.143	2.8819e6)
(316.23	-3.81	-1.143	2.856e6)
(323.85	-3.81	-1.143	2.837e6)
(331.47	-3.81	-1.143	2.8247e6)
(339.09	-3.81	-1.143	2.8164e6)
(346.71	-3.81	-1.143	2.8117e6)
(354.33	-3.81	-1.143	2.5431e6)
(361.95	-3.81	-1.143	2.4728e6)
(369.57	-3.81	-1.143	2.433e6)
(377.19	-3.81	-1.143	2.3861e6)
(384.81	-3.81	-1.143	2.3584e6)
(392.43	-3.81	-1.143	2.3361e6)
(400.05	-3.81	-1.143	2.2844e6)
(407.67	-3.81	-1.143	2.2427e6)
(415.29	-3.81	-1.143	2.1986e6)
(422.91	-3.81	-1.143	2.1497e6)
(430.53	-3.81	-1.143	2.1037e6)
(438.15	-3.81	-1.143	2.0562e6)
(445.77	-3.81	-1.143	2.0091e6)
(453.39	-3.81	-1.143	1.948e6)
(461.01	-3.81	-1.143	1.8917e6)
(468.63	-3.81	-1.143	1.8742e6)
(476.25	-3.81	-1.143	1.8515e6)
(483.87	-3.81	-1.143	1.8292e6)
(491.49	-3.81	-1.143	1.8017e6)
(499.11	-3.81	-1.143	1.7714e6)
(506.73	-3.81	-1.143	1.7395e6)
(514.35	-3.81	-1.143	1.7176e6)
(521.97	-3.81	-1.143	1.6909e6)
(529.59	-3.81	-1.143	1.6497e6)
(537.21	-3.81	-1.143	1.6358e6)
(544.83	-3.81	-1.143	1.6174e6)
(552.45	-3.81	-1.143	1.5956e6)
(560.07	-3.81	-1.143	1.5763e6)
(567.69	-3.81	-1.143	1.5571e6)
(575.31	-3.81	-1.143	1.5373e6)
(582.93	-3.81	-1.143	1.5158e6)
(590.55	-3.81	-1.143	1.4959e6)
(598.17	-3.81	-1.143	1.4047e6)
(605.79	-3.81	-1.143	1.3691e6)
(613.41	-3.81	-1.143	1.3308e6)
(621.03	-3.81	-1.143	1.2893e6)
(628.65	-3.81	-1.143	1.2653e6)
(636.27	-3.81	-1.143	1.2379e6)
(643.89	-3.81	-1.143	1.2077e6)
(651.51	-3.81	-1.143	1.1827e6)
(659.13	-3.81	-1.143	1.1663e6)
(666.75	-3.81	-1.143	1.1479e6)
(674.37	-3.81	-1.143	1.1343e6)
(681.99	-3.81	-1.143	1.0785e6)
(689.61	-3.81	-1.143	0.99017e6)
(697.23	-3.81	-1.143	0.94504e6)
(704.85	-3.81	-1.143	0.91264e6)
(712.47	-3.81	-1.143	0.87093e6)
(720.09	-3.81	-1.143	0.82906e6)
(727.71	-3.81	-1.143	0.78949e6)
(735.33	-3.81	-1.143	0.73272e6)
(742.95	-3.81	-1.143	0.71424e6)
(750.57	-3.81	-1.143	0.69728e6)
(758.19	-3.81	-1.143	0.67206e6)
(3.81	-3.81	-1.905	4.7523e6)
(11.43	-3.81	-1.905	4.7107e6)
(19.05	-3.81	-1.905	4.6403e6)
(26.67	-3.81	-1.905	4.5689e6)
(34.29	-3.81	-1.905	4.5154e6)
(41.91	-3.81	-1.905	4.4515e6)
(49.53	-3.81	-1.905	4.418e6)
(57.15	-3.81	-1.905	4.3874e6)
(64.77	-3.81	-1.905	4.3572e6)
(72.39	-3.81	-1.905	4.1837e6)
(80.01	-3.81	-1.905	4.0133e6)
(87.63	-3.81	-1.905	3.8911e6)
(95.25	-3.81	-1.905	3.8335e6)
(102.87	-3.81	-1.905	3.8123e6)
(110.49	-3.81	-1.905	3.7883e6)
(118.11	-3.81	-1.905	3.7673e6)
(125.73	-3.81	-1.905	3.75e6)
(133.35	-3.81	-1.905	3.6934e6)
(140.97	-3.81	-1.905	3.6272e6)
(148.59	-3.81	-1.905	3.576e6)
(156.21	-3.81	-1.905	3.5404e6)
(163.83	-3.81	-1.905	3.5221e6)
(171.45	-3.81	-1.905	3.4968e6)
(179.07	-3.81	-1.905	3.4301e6)
(186.69	-3.81	-1.905	3.3974e6)
(194.31	-3.81	-1.905	3.373e6)
(201.93	-3.81	-1.905	3.3522e6)
(209.55	-3.81	-1.905	3.3217e6)
(217.17	-3.81	-1.905	3.2702e6)
(224.79	-3.81	-1.905	3.215e6)
(232.41	-3.81	-1.905	3.1715e6)
(240.03	-3.81	-1.905	3.1192e6)
(247.65	-3.81	-1.905	3.0963e6)
(255.27	-3.81	-1.905	3.0768e6)
(262.89	-3.81	-1.905	3.0579e6)
(270.51	-3.81	-1.905	3.0404e6)
(278.13	-3.81	-1.905	3.0065e6)
(285.75	-3.81	-1.905	2.9747e6)
(293.37	-3.81	-1.905	2.9436e6)
(300.99	-3.81	-1.905	2.8788e6)
(308.61	-3.81	-1.905	2.8525e6)
(316.23	-3.81	-1.905	2.8014e6)
(323.85	-3.81	-1.905	2.7923e6)
(331.47	-3.81	-1.905	2.7531e6)
(339.09	-3.81	-1.905	2.7265e6)
(346.71	-3.81	-1.905	2.7805e6)
(354.33	-3.81	-1.905	2.5291e6)
(361.95	-3.81	-1.905	2.472e6)
(369.57	-3.81	-1.905	2.4329e6)
(377.19	-3.81	-1.905	2.3883e6)
(384.81	-3.81	-1.905	2.3584e6)
(392.43	-3.81	-1.905	2.3308e6)
(400.05	-3.81	-1.905	2.2843e6)
(407.67	-3.81	-1.905	2.2449e6)
(415.29	-3.81	-1.905	2.1993e6)
(422.91	-3.81	-1.905	2.1499e6)
(430.53	-3.81	-1.905	2.1035e6)
(438.15	-3.81	-1.905	2.0556e6)
(445.77	-3.81	-1.905	2.0095e6)
(453.39	-3.81	-1.905	1.949e6)
(461.01	-3.81	-1.905	1.8913e6)
(468.63	-3.81	-1.905	1.8744e6)
(476.25	-3.81	-1.905	1.8518e6)
(483.87	-3.81	-1.905	1.829e6)
(491.49	-3.81	-1.905	1.8026e6)
(499.11	-3.81	-1.905	1.7725e6)
(506.73	-3.81	-1.905	1.7393e6)
(514.35	-3.81	-1.905	1.718e6)
(521.97	-3.81	-1.905	1.6915e6)
(529.59	-3.81	-1.905	1.6505e6)
(537.21	-3.81	-1.905	1.6361e6)
(544.83	-3.81	-1.905	1.6177e6)
(552.45	-3.81	-1.905	1.5962e6)
(560.07	-3.81	-1.905	1.5766e6)
(567.69	-3.81	-1.905	1.5571e6)
(575.31	-3.81	-1.905	1.5368e6)
(582.93	-3.81	-1.905	1.5151e6)
(590.55	-3.81	-1.905	1.4929e6)
(598.17	-3.81	-1.905	1.4042e6)
(605.79	-3.81	-1.905	1.369e6)
(613.41	-3.81	-1.905	1.3308e6)
(621.03	-3.81	-1.905	1.2892e6)
(628.65	-3.81	-1.905	1.2654e6)
(636.27	-3.81	-1.905	1.2379e6)
(643.89	-3.81	-1.905	1.2076e6)
(651.51	-3.81	-1.905	1.1826e6)
(659.13	-3.81	-1.905	1.1664e6)
(666.75	-3.81	-1.905	1.148e6)
(674.37	-3.81	-1.905	1.135e6)
(681.99	-3.81	-1.905	1.0793e6)
(689.61	-3.81	-1.905	0.99336e6)
(697.23	-3.81	-1.905	0.9432e6)
(704.85	-3.81	-1.905	0.91363e6)
(712.47	-3.81	-1.905	0.87162e6)
(720.09	-3.81	-1.905	0.82879e6)
(727.71	-3.81	-1.905	0.79092e6)
(735.33	-3.81	-1.905	0.73086e6)
(742.95	-3.81	-1.905	0.71402e6)
(750.57	-3.81	-1.905	0.69721e6)
(758.19	-3.81	-1.905	0.6721e6)
(3.81	-3.81	-2.667	4.7529e6)
(11.43	-3.81	-2.667	4.7106e6)
(19.05	-3.81	-2.667	4.6393e6)
(26.67	-3.81	-2.667	4.5686e6)
(34.29	-3.81	-2.667	4.5159e6)
(41.91	-3.81	-2.667	4.4607e6)
(49.53	-3.81	-2.667	4.4224e6)
(57.15	-3.81	-2.667	4.3877e6)
(64.77	-3.81	-2.667	4.3559e6)
(72.39	-3.81	-2.667	4.1835e6)
(80.01	-3.81	-2.667	4.0134e6)
(87.63	-3.81	-2.667	3.889e6)
(95.25	-3.81	-2.667	3.8349e6)
(102.87	-3.81	-2.667	3.8138e6)
(110.49	-3.81	-2.667	3.7897e6)
(118.11	-3.81	-2.667	3.7659e6)
(125.73	-3.81	-2.667	3.7424e6)
(133.35	-3.81	-2.667	3.6966e6)
(140.97	-3.81	-2.667	3.6436e6)
(148.59	-3.81	-2.667	3.5992e6)
(156.21	-3.81	-2.667	3.5716e6)
(163.83	-3.81	-2.667	3.5447e6)
(171.45	-3.81	-2.667	3.5152e6)
(179.07	-3.81	-2.667	3.4646e6)
(186.69	-3.81	-2.667	3.4264e6)
(194.31	-3.81	-2.667	3.4012e6)
(201.93	-3.81	-2.667	3.3644e6)
(209.55	-3.81	-2.667	3.3306e6)
(217.17	-3.81	-2.667	3.277e6)
(224.79	-3.81	-2.667	3.2253e6)
(232.41	-3.81	-2.667	3.1793e6)
(240.03	-3.81	-2.667	3.1323e6)
(247.65	-3.81	-2.667	3.1017e6)
(255.27	-3.81	-2.667	3.0756e6)
(262.89	-3.81	-2.667	3.0452e6)
(270.51	-3.81	-2.667	3.0248e6)
(278.13	-3.81	-2.667	2.9867e6)
(285.75	-3.81	-2.667	2.9557e6)
(293.37	-3.81	-2.667	2.9209e6)
(300.99	-3.81	-2.667	2.8255e6)
(308.61	-3.81	-2.667	2.7893e6)
(316.23	-3.81	-2.667	2.732e6)
(323.85	-3.81	-2.667	2.7143e6)
(331.47	-3.81	-2.667	2.6569e6)
(339.09	-3.81	-2.667	2.6131e6)
(346.71	-3.81	-2.667	2.6471e6)
(354.33	-3.81	-2.667	2.5108e6)
(361.95	-3.81	-2.667	2.4706e6)
(369.57	-3.81	-2.667	2.433e6)
(377.19	-3.81	-2.667	2.3932e6)
(384.81	-3.81	-2.667	2.3585e6)
(392.43	-3.81	-2.667	2.323e6)
(400.05	-3.81	-2.667	2.284e6)
(407.67	-3.81	-2.667	2.2481e6)
(415.29	-3.81	-2.667	2.2005e6)
(422.91	-3.81	-2.667	2.1512e6)
(430.53	-3.81	-2.667	2.1034e6)
(438.15	-3.81	-2.667	2.0556e6)
(445.77	-3.81	-2.667	2.0098e6)
(453.39	-3.81	-2.667	1.9496e6)
(461.01	-3.81	-2.667	1.8911e6)
(468.63	-3.81	-2.667	1.8747e6)
(476.25	-3.81	-2.667	1.852e6)
(483.87	-3.81	-2.667	1.8288e6)
(491.49	-3.81	-2.667	1.8028e6)
(499.11	-3.81	-2.667	1.7734e6)
(506.73	-3.81	-2.667	1.7392e6)
(514.35	-3.81	-2.667	1.7185e6)
(521.97	-3.81	-2.667	1.6938e6)
(529.59	-3.81	-2.667	1.6581e6)
(537.21	-3.81	-2.667	1.6372e6)
(544.83	-3.81	-2.667	1.6181e6)
(552.45	-3.81	-2.667	1.5974e6)
(560.07	-3.81	-2.667	1.5775e6)
(567.69	-3.81	-2.667	1.5573e6)
(575.31	-3.81	-2.667	1.5356e6)
(582.93	-3.81	-2.667	1.5125e6)
(590.55	-3.81	-2.667	1.4885e6)
(598.17	-3.81	-2.667	1.4036e6)
(605.79	-3.81	-2.667	1.3688e6)
(613.41	-3.81	-2.667	1.331e6)
(621.03	-3.81	-2.667	1.2893e6)
(628.65	-3.81	-2.667	1.2654e6)
(636.27	-3.81	-2.667	1.2379e6)
(643.89	-3.81	-2.667	1.2074e6)
(651.51	-3.81	-2.667	1.1824e6)
(659.13	-3.81	-2.667	1.1664e6)
(666.75	-3.81	-2.667	1.1479e6)
(674.37	-3.81	-2.667	1.1359e6)
(681.99	-3.81	-2.667	1.08e6)
(689.61	-3.81	-2.667	0.99616e6)
(697.23	-3.81	-2.667	0.94187e6)
(704.85	-3.81	-2.667	0.91433e6)
(712.47	-3.81	-2.667	0.87206e6)
(720.09	-3.81	-2.667	0.82851e6)
(727.71	-3.81	-2.667	0.79216e6)
(735.33	-3.81	-2.667	0.73135e6)
(742.95	-3.81	-2.667	0.71403e6)
(750.57	-3.81	-2.667	0.69726e6)
(758.19	-3.81	-2.667	0.67215e6)
(3.81	-3.81	-3.429	4.7513e6)
(11.43	-3.81	-3.429	4.7105e6)
(19.05	-3.81	-3.429	4.6388e6)
(26.67	-3.81	-3.429	4.5685e6)
(34.29	-3.81	-3.429	4.5163e6)
(41.91	-3.81	-3.429	4.4706e6)
(49.53	-3.81	-3.429	4.4284e6)
(57.15	-3.81	-3.429	4.3886e6)
(64.77	-3.81	-3.429	4.3533e6)
(72.39	-3.81	-3.429	4.1842e6)
(80.01	-3.81	-3.429	4.0131e6)
(87.63	-3.81	-3.429	3.8833e6)
(95.25	-3.81	-3.429	3.8378e6)
(102.87	-3.81	-3.429	3.8162e6)
(110.49	-3.81	-3.429	3.7914e6)
(118.11	-3.81	-3.429	3.7644e6)
(125.73	-3.81	-3.429	3.7352e6)
(133.35	-3.81	-3.429	3.7002e6)
(140.97	-3.81	-3.429	3.6609e6)
(148.59	-3.81	-3.429	3.6276e6)
(156.21	-3.81	-3.429	3.604e6)
(163.83	-3.81	-3.429	3.5685e6)
(171.45	-3.81	-3.429	3.5349e6)
(179.07	-3.81	-3.429	3.5018e6)
(186.69	-3.81	-3.429	3.4582e6)
(194.31	-3.81	-3.429	3.4311e6)
(201.93	-3.81	-3.429	3.3825e6)
(209.55	-3.81	-3.429	3.3401e6)
(217.17	-3.81	-3.429	3.2846e6)
(224.79	-3.81	-3.429	3.2362e6)
(232.41	-3.81	-3.429	3.1873e6)
(240.03	-3.81	-3.429	3.1461e6)
(247.65	-3.81	-3.429	3.1081e6)
(255.27	-3.81	-3.429	3.0743e6)
(262.89	-3.81	-3.429	3.0416e6)
(270.51	-3.81	-3.429	3.0072e6)
(278.13	-3.81	-3.429	2.9671e6)
(285.75	-3.81	-3.429	2.9367e6)
(293.37	-3.81	-3.429	2.9043e6)
(300.99	-3.81	-3.429	2.8096e6)
(308.61	-3.81	-3.429	2.7552e6)
(316.23	-3.81	-3.429	2.717e6)
(323.85	-3.81	-3.429	2.6809e6)
(331.47	-3.81	-3.429	2.632e6)
(339.09	-3.81	-3.429	2.5895e6)
(346.71	-3.81	-3.429	2.5447e6)
(354.33	-3.81	-3.429	2.5052e6)
(361.95	-3.81	-3.429	2.4702e6)
(369.57	-3.81	-3.429	2.4331e6)
(377.19	-3.81	-3.429	2.396e6)
(384.81	-3.81	-3.429	2.3588e6)
(392.43	-3.81	-3.429	2.3201e6)
(400.05	-3.81	-3.429	2.2838e6)
(407.67	-3.81	-3.429	2.2485e6)
(415.29	-3.81	-3.429	2.2007e6)
(422.91	-3.81	-3.429	2.1525e6)
(430.53	-3.81	-3.429	2.1036e6)
(438.15	-3.81	-3.429	2.0556e6)
(445.77	-3.81	-3.429	2.0102e6)
(453.39	-3.81	-3.429	1.95e6)
(461.01	-3.81	-3.429	1.891e6)
(468.63	-3.81	-3.429	1.8748e6)
(476.25	-3.81	-3.429	1.8521e6)
(483.87	-3.81	-3.429	1.8289e6)
(491.49	-3.81	-3.429	1.8027e6)
(499.11	-3.81	-3.429	1.7735e6)
(506.73	-3.81	-3.429	1.7392e6)
(514.35	-3.81	-3.429	1.7185e6)
(521.97	-3.81	-3.429	1.6956e6)
(529.59	-3.81	-3.429	1.6651e6)
(537.21	-3.81	-3.429	1.6382e6)
(544.83	-3.81	-3.429	1.6184e6)
(552.45	-3.81	-3.429	1.5983e6)
(560.07	-3.81	-3.429	1.5781e6)
(567.69	-3.81	-3.429	1.5574e6)
(575.31	-3.81	-3.429	1.5346e6)
(582.93	-3.81	-3.429	1.5105e6)
(590.55	-3.81	-3.429	1.4757e6)
(598.17	-3.81	-3.429	1.4026e6)
(605.79	-3.81	-3.429	1.3676e6)
(613.41	-3.81	-3.429	1.3325e6)
(621.03	-3.81	-3.429	1.2929e6)
(628.65	-3.81	-3.429	1.2656e6)
(636.27	-3.81	-3.429	1.2372e6)
(643.89	-3.81	-3.429	1.2082e6)
(651.51	-3.81	-3.429	1.1844e6)
(659.13	-3.81	-3.429	1.166e6)
(666.75	-3.81	-3.429	1.1472e6)
(674.37	-3.81	-3.429	1.1279e6)
(681.99	-3.81	-3.429	1.0795e6)
(689.61	-3.81	-3.429	1.019e6)
(697.23	-3.81	-3.429	0.96747e6)
(704.85	-3.81	-3.429	0.93231e6)
(712.47	-3.81	-3.429	0.88863e6)
(720.09	-3.81	-3.429	0.84842e6)
(727.71	-3.81	-3.429	0.80683e6)
(735.33	-3.81	-3.429	0.75771e6)
(742.95	-3.81	-3.429	0.7285e6)
(750.57	-3.81	-3.429	0.69774e6)
(758.19	-3.81	-3.429	0.67232e6)
(3.81	-3.81	-4.191	4.7499e6)
(11.43	-3.81	-4.191	4.7108e6)
(19.05	-3.81	-4.191	4.6389e6)
(26.67	-3.81	-4.191	4.5681e6)
(34.29	-3.81	-4.191	4.5164e6)
(41.91	-3.81	-4.191	4.4718e6)
(49.53	-3.81	-4.191	4.43e6)
(57.15	-3.81	-4.191	4.3891e6)
(64.77	-3.81	-4.191	4.3521e6)
(72.39	-3.81	-4.191	4.1863e6)
(80.01	-3.81	-4.191	4.0126e6)
(87.63	-3.81	-4.191	3.8764e6)
(95.25	-3.81	-4.191	3.8418e6)
(102.87	-3.81	-4.191	3.8179e6)
(110.49	-3.81	-4.191	3.7915e6)
(118.11	-3.81	-4.191	3.7642e6)
(125.73	-3.81	-4.191	3.7352e6)
(133.35	-3.81	-4.191	3.7005e6)
(140.97	-3.81	-4.191	3.663e6)
(148.59	-3.81	-4.191	3.6333e6)
(156.21	-3.81	-4.191	3.6055e6)
(163.83	-3.81	-4.191	3.5719e6)
(171.45	-3.81	-4.191	3.537e6)
(179.07	-3.81	-4.191	3.5053e6)
(186.69	-3.81	-4.191	3.4645e6)
(194.31	-3.81	-4.191	3.4312e6)
(201.93	-3.81	-4.191	3.3922e6)
(209.55	-3.81	-4.191	3.3412e6)
(217.17	-3.81	-4.191	3.286e6)
(224.79	-3.81	-4.191	3.2378e6)
(232.41	-3.81	-4.191	3.188e6)
(240.03	-3.81	-4.191	3.1461e6)
(247.65	-3.81	-4.191	3.1092e6)
(255.27	-3.81	-4.191	3.0744e6)
(262.89	-3.81	-4.191	3.0414e6)
(270.51	-3.81	-4.191	3.0036e6)
(278.13	-3.81	-4.191	2.9664e6)
(285.75	-3.81	-4.191	2.9363e6)
(293.37	-3.81	-4.191	2.9051e6)
(300.99	-3.81	-4.191	2.8088e6)
(308.61	-3.81	-4.191	2.7544e6)
(316.23	-3.81	-4.191	2.7166e6)
(323.85	-3.81	-4.191	2.6803e6)
(331.47	-3.81	-4.191	2.6311e6)
(339.09	-3.81	-4.191	2.5889e6)
(346.71	-3.81	-4.191	2.5435e6)
(354.33	-3.81	-4.191	2.5051e6)
(361.95	-3.81	-4.191	2.4703e6)
(369.57	-3.81	-4.191	2.4332e6)
(377.19	-3.81	-4.191	2.396e6)
(384.81	-3.81	-4.191	2.3588e6)
(392.43	-3.81	-4.191	2.3201e6)
(400.05	-3.81	-4.191	2.2837e6)
(407.67	-3.81	-4.191	2.2484e6)
(415.29	-3.81	-4.191	2.2008e6)
(422.91	-3.81	-4.191	2.1528e6)
(430.53	-3.81	-4.191	2.1037e6)
(438.15	-3.81	-4.191	2.0556e6)
(445.77	-3.81	-4.191	2.0104e6)
(453.39	-3.81	-4.191	1.9508e6)
(461.01	-3.81	-4.191	1.8913e6)
(468.63	-3.81	-4.191	1.8752e6)
(476.25	-3.81	-4.191	1.8522e6)
(483.87	-3.81	-4.191	1.8291e6)
(491.49	-3.81	-4.191	1.803e6)
(499.11	-3.81	-4.191	1.7739e6)
(506.73	-3.81	-4.191	1.739e6)
(514.35	-3.81	-4.191	1.7186e6)
(521.97	-3.81	-4.191	1.6956e6)
(529.59	-3.81	-4.191	1.6652e6)
(537.21	-3.81	-4.191	1.6383e6)
(544.83	-3.81	-4.191	1.6184e6)
(552.45	-3.81	-4.191	1.5983e6)
(560.07	-3.81	-4.191	1.5781e6)
(567.69	-3.81	-4.191	1.5574e6)
(575.31	-3.81	-4.191	1.5346e6)
(582.93	-3.81	-4.191	1.5102e6)
(590.55	-3.81	-4.191	1.4655e6)
(598.17	-3.81	-4.191	1.4018e6)
(605.79	-3.81	-4.191	1.3662e6)
(613.41	-3.81	-4.191	1.3341e6)
(621.03	-3.81	-4.191	1.2966e6)
(628.65	-3.81	-4.191	1.2659e6)
(636.27	-3.81	-4.191	1.2365e6)
(643.89	-3.81	-4.191	1.2088e6)
(651.51	-3.81	-4.191	1.1864e6)
(659.13	-3.81	-4.191	1.1657e6)
(666.75	-3.81	-4.191	1.1464e6)
(674.37	-3.81	-4.191	1.118e6)
(681.99	-3.81	-4.191	1.078e6)
(689.61	-3.81	-4.191	1.0427e6)
(697.23	-3.81	-4.191	0.99409e6)
(704.85	-3.81	-4.191	0.9511e6)
(712.47	-3.81	-4.191	0.90587e6)
(720.09	-3.81	-4.191	0.86879e6)
(727.71	-3.81	-4.191	0.8247e6)
(735.33	-3.81	-4.191	0.78562e6)
(742.95	-3.81	-4.191	0.74922e6)
(750.57	-3.81	-4.191	0.69817e6)
(758.19	-3.81	-4.191	0.67248e6)
(3.81	-3.81	-4.953	4.7496e6)
(11.43	-3.81	-4.953	4.7105e6)
(19.05	-3.81	-4.953	4.6388e6)
(26.67	-3.81	-4.953	4.5684e6)
(34.29	-3.81	-4.953	4.5165e6)
(41.91	-3.81	-4.953	4.4718e6)
(49.53	-3.81	-4.953	4.43e6)
(57.15	-3.81	-4.953	4.3892e6)
(64.77	-3.81	-4.953	4.3512e6)
(72.39	-3.81	-4.953	4.1867e6)
(80.01	-3.81	-4.953	4.0122e6)
(87.63	-3.81	-4.953	3.8737e6)
(95.25	-3.81	-4.953	3.8439e6)
(102.87	-3.81	-4.953	3.8187e6)
(110.49	-3.81	-4.953	3.7916e6)
(118.11	-3.81	-4.953	3.7642e6)
(125.73	-3.81	-4.953	3.7352e6)
(133.35	-3.81	-4.953	3.7005e6)
(140.97	-3.81	-4.953	3.6643e6)
(148.59	-3.81	-4.953	3.6341e6)
(156.21	-3.81	-4.953	3.6059e6)
(163.83	-3.81	-4.953	3.5743e6)
(171.45	-3.81	-4.953	3.5379e6)
(179.07	-3.81	-4.953	3.5058e6)
(186.69	-3.81	-4.953	3.4676e6)
(194.31	-3.81	-4.953	3.4312e6)
(201.93	-3.81	-4.953	3.3963e6)
(209.55	-3.81	-4.953	3.342e6)
(217.17	-3.81	-4.953	3.2865e6)
(224.79	-3.81	-4.953	3.2388e6)
(232.41	-3.81	-4.953	3.1882e6)
(240.03	-3.81	-4.953	3.1461e6)
(247.65	-3.81	-4.953	3.1096e6)
(255.27	-3.81	-4.953	3.0744e6)
(262.89	-3.81	-4.953	3.0412e6)
(270.51	-3.81	-4.953	3.0022e6)
(278.13	-3.81	-4.953	2.9659e6)
(285.75	-3.81	-4.953	2.9361e6)
(293.37	-3.81	-4.953	2.9059e6)
(300.99	-3.81	-4.953	2.808e6)
(308.61	-3.81	-4.953	2.7536e6)
(316.23	-3.81	-4.953	2.7161e6)
(323.85	-3.81	-4.953	2.6796e6)
(331.47	-3.81	-4.953	2.6303e6)
(339.09	-3.81	-4.953	2.5884e6)
(346.71	-3.81	-4.953	2.5426e6)
(354.33	-3.81	-4.953	2.5052e6)
(361.95	-3.81	-4.953	2.4701e6)
(369.57	-3.81	-4.953	2.4334e6)
(377.19	-3.81	-4.953	2.3962e6)
(384.81	-3.81	-4.953	2.3592e6)
(392.43	-3.81	-4.953	2.3206e6)
(400.05	-3.81	-4.953	2.2827e6)
(407.67	-3.81	-4.953	2.2498e6)
(415.29	-3.81	-4.953	2.2005e6)
(422.91	-3.81	-4.953	2.1528e6)
(430.53	-3.81	-4.953	2.1042e6)
(438.15	-3.81	-4.953	2.0559e6)
(445.77	-3.81	-4.953	2.0089e6)
(453.39	-3.81	-4.953	1.9532e6)
(461.01	-3.81	-4.953	1.9037e6)
(468.63	-3.81	-4.953	1.8791e6)
(476.25	-3.81	-4.953	1.8545e6)
(483.87	-3.81	-4.953	1.8302e6)
(491.49	-3.81	-4.953	1.8042e6)
(499.11	-3.81	-4.953	1.7756e6)
(506.73	-3.81	-4.953	1.7457e6)
(514.35	-3.81	-4.953	1.721e6)
(521.97	-3.81	-4.953	1.698e6)
(529.59	-3.81	-4.953	1.6654e6)
(537.21	-3.81	-4.953	1.6391e6)
(544.83	-3.81	-4.953	1.6189e6)
(552.45	-3.81	-4.953	1.6066e6)
(560.07	-3.81	-4.953	1.581e6)
(567.69	-3.81	-4.953	1.554e6)
(575.31	-3.81	-4.953	1.5236e6)
(582.93	-3.81	-4.953	1.5064e6)
(590.55	-3.81	-4.953	1.4645e6)
(598.17	-3.81	-4.953	1.4014e6)
(605.79	-3.81	-4.953	1.3663e6)
(613.41	-3.81	-4.953	1.3342e6)
(621.03	-3.81	-4.953	1.2966e6)
(628.65	-3.81	-4.953	1.2659e6)
(636.27	-3.81	-4.953	1.2363e6)
(643.89	-3.81	-4.953	1.2088e6)
(651.51	-3.81	-4.953	1.1865e6)
(659.13	-3.81	-4.953	1.1657e6)
(666.75	-3.81	-4.953	1.1462e6)
(674.37	-3.81	-4.953	1.1156e6)
(681.99	-3.81	-4.953	1.077e6)
(689.61	-3.81	-4.953	1.0445e6)
(697.23	-3.81	-4.953	0.99544e6)
(704.85	-3.81	-4.953	0.95208e6)
(712.47	-3.81	-4.953	0.90683e6)
(720.09	-3.81	-4.953	0.86917e6)
(727.71	-3.81	-4.953	0.8279e6)
(735.33	-3.81	-4.953	0.78748e6)
(742.95	-3.81	-4.953	0.75591e6)
(750.57	-3.81	-4.953	0.70862e6)
(758.19	-3.81	-4.953	0.6731e6)
(3.81	-3.81	-5.715	4.7491e6)
(11.43	-3.81	-5.715	4.7094e6)
(19.05	-3.81	-5.715	4.6385e6)
(26.67	-3.81	-5.715	4.569e6)
(34.29	-3.81	-5.715	4.5169e6)
(41.91	-3.81	-5.715	4.4719e6)
(49.53	-3.81	-5.715	4.428e6)
(57.15	-3.81	-5.715	4.3886e6)
(64.77	-3.81	-5.715	4.3495e6)
(72.39	-3.81	-5.715	4.1873e6)
(80.01	-3.81	-5.715	4.0146e6)
(87.63	-3.81	-5.715	3.8752e6)
(95.25	-3.81	-5.715	3.844e6)
(102.87	-3.81	-5.715	3.8222e6)
(110.49	-3.81	-5.715	3.7992e6)
(118.11	-3.81	-5.715	3.7814e6)
(125.73	-3.81	-5.715	3.7479e6)
(133.35	-3.81	-5.715	3.7112e6)
(140.97	-3.81	-5.715	3.6648e6)
(148.59	-3.81	-5.715	3.6339e6)
(156.21	-3.81	-5.715	3.6059e6)
(163.83	-3.81	-5.715	3.5744e6)
(171.45	-3.81	-5.715	3.538e6)
(179.07	-3.81	-5.715	3.506e6)
(186.69	-3.81	-5.715	3.4677e6)
(194.31	-3.81	-5.715	3.4314e6)
(201.93	-3.81	-5.715	3.3974e6)
(209.55	-3.81	-5.715	3.342e6)
(217.17	-3.81	-5.715	3.2799e6)
(224.79	-3.81	-5.715	3.2282e6)
(232.41	-3.81	-5.715	3.187e6)
(240.03	-3.81	-5.715	3.1411e6)
(247.65	-3.81	-5.715	3.1061e6)
(255.27	-3.81	-5.715	3.0565e6)
(262.89	-3.81	-5.715	3.0294e6)
(270.51	-3.81	-5.715	2.9631e6)
(278.13	-3.81	-5.715	2.947e6)
(285.75	-3.81	-5.715	2.9214e6)
(293.37	-3.81	-5.715	2.9038e6)
(300.99	-3.81	-5.715	2.7908e6)
(308.61	-3.81	-5.715	2.7497e6)
(316.23	-3.81	-5.715	2.7138e6)
(323.85	-3.81	-5.715	2.6755e6)
(331.47	-3.81	-5.715	2.629e6)
(339.09	-3.81	-5.715	2.5878e6)
(346.71	-3.81	-5.715	2.5421e6)
(354.33	-3.81	-5.715	2.5052e6)
(361.95	-3.81	-5.715	2.4698e6)
(369.57	-3.81	-5.715	2.4337e6)
(377.19	-3.81	-5.715	2.3965e6)
(384.81	-3.81	-5.715	2.3593e6)
(392.43	-3.81	-5.715	2.321e6)
(400.05	-3.81	-5.715	2.2817e6)
(407.67	-3.81	-5.715	2.2514e6)
(415.29	-3.81	-5.715	2.2004e6)
(422.91	-3.81	-5.715	2.1528e6)
(430.53	-3.81	-5.715	2.1047e6)
(438.15	-3.81	-5.715	2.056e6)
(445.77	-3.81	-5.715	2.0074e6)
(453.39	-3.81	-5.715	1.955e6)
(461.01	-3.81	-5.715	1.916e6)
(468.63	-3.81	-5.715	1.8834e6)
(476.25	-3.81	-5.715	1.8568e6)
(483.87	-3.81	-5.715	1.8313e6)
(491.49	-3.81	-5.715	1.8053e6)
(499.11	-3.81	-5.715	1.7773e6)
(506.73	-3.81	-5.715	1.7525e6)
(514.35	-3.81	-5.715	1.7246e6)
(521.97	-3.81	-5.715	1.7011e6)
(529.59	-3.81	-5.715	1.6758e6)
(537.21	-3.81	-5.715	1.6515e6)
(544.83	-3.81	-5.715	1.6305e6)
(552.45	-3.81	-5.715	1.6161e6)
(560.07	-3.81	-5.715	1.5849e6)
(567.69	-3.81	-5.715	1.5496e6)
(575.31	-3.81	-5.715	1.5119e6)
(582.93	-3.81	-5.715	1.4938e6)
(590.55	-3.81	-5.715	1.463e6)
(598.17	-3.81	-5.715	1.4177e6)
(605.79	-3.81	-5.715	1.3876e6)
(613.41	-3.81	-5.715	1.3584e6)
(621.03	-3.81	-5.715	1.3151e6)
(628.65	-3.81	-5.715	1.2775e6)
(636.27	-3.81	-5.715	1.2361e6)
(643.89	-3.81	-5.715	1.2087e6)
(651.51	-3.81	-5.715	1.1865e6)
(659.13	-3.81	-5.715	1.1656e6)
(666.75	-3.81	-5.715	1.146e6)
(674.37	-3.81	-5.715	1.1156e6)
(681.99	-3.81	-5.715	1.0772e6)
(689.61	-3.81	-5.715	1.0418e6)
(697.23	-3.81	-5.715	0.99533e6)
(704.85	-3.81	-5.715	0.95238e6)
(712.47	-3.81	-5.715	0.90714e6)
(720.09	-3.81	-5.715	0.86909e6)
(727.71	-3.81	-5.715	0.82813e6)
(735.33	-3.81	-5.715	0.78798e6)
(742.95	-3.81	-5.715	0.7561e6)
(750.57	-3.81	-5.715	0.71887e6)
(758.19	-3.81	-5.715	0.67383e6)
(3.81	-3.81	-6.477	4.7449e6)
(11.43	-3.81	-6.477	4.6953e6)
(19.05	-3.81	-6.477	4.6335e6)
(26.67	-3.81	-6.477	4.5748e6)
(34.29	-3.81	-6.477	4.5206e6)
(41.91	-3.81	-6.477	4.4708e6)
(49.53	-3.81	-6.477	4.4194e6)
(57.15	-3.81	-6.477	4.3678e6)
(64.77	-3.81	-6.477	4.3186e6)
(72.39	-3.81	-6.477	4.2007e6)
(80.01	-3.81	-6.477	4.0731e6)
(87.63	-3.81	-6.477	3.9302e6)
(95.25	-3.81	-6.477	3.8443e6)
(102.87	-3.81	-6.477	3.8259e6)
(110.49	-3.81	-6.477	3.807e6)
(118.11	-3.81	-6.477	3.7991e6)
(125.73	-3.81	-6.477	3.761e6)
(133.35	-3.81	-6.477	3.7221e6)
(140.97	-3.81	-6.477	3.6653e6)
(148.59	-3.81	-6.477	3.6342e6)
(156.21	-3.81	-6.477	3.6061e6)
(163.83	-3.81	-6.477	3.5745e6)
(171.45	-3.81	-6.477	3.5382e6)
(179.07	-3.81	-6.477	3.5083e6)
(186.69	-3.81	-6.477	3.4682e6)
(194.31	-3.81	-6.477	3.4334e6)
(201.93	-3.81	-6.477	3.3999e6)
(209.55	-3.81	-6.477	3.342e6)
(217.17	-3.81	-6.477	3.2731e6)
(224.79	-3.81	-6.477	3.2167e6)
(232.41	-3.81	-6.477	3.1725e6)
(240.03	-3.81	-6.477	3.1321e6)
(247.65	-3.81	-6.477	3.0959e6)
(255.27	-3.81	-6.477	3.029e6)
(262.89	-3.81	-6.477	2.9735e6)
(270.51	-3.81	-6.477	2.9168e6)
(278.13	-3.81	-6.477	2.9068e6)
(285.75	-3.81	-6.477	2.8809e6)
(293.37	-3.81	-6.477	2.8575e6)
(300.99	-3.81	-6.477	2.7739e6)
(308.61	-3.81	-6.477	2.7463e6)
(316.23	-3.81	-6.477	2.7115e6)
(323.85	-3.81	-6.477	2.6716e6)
(331.47	-3.81	-6.477	2.6281e6)
(339.09	-3.81	-6.477	2.5878e6)
(346.71	-3.81	-6.477	2.5423e6)
(354.33	-3.81	-6.477	2.5053e6)
(361.95	-3.81	-6.477	2.4699e6)
(369.57	-3.81	-6.477	2.4337e6)
(377.19	-3.81	-6.477	2.3965e6)
(384.81	-3.81	-6.477	2.3592e6)
(392.43	-3.81	-6.477	2.321e6)
(400.05	-3.81	-6.477	2.2817e6)
(407.67	-3.81	-6.477	2.2512e6)
(415.29	-3.81	-6.477	2.1995e6)
(422.91	-3.81	-6.477	2.1529e6)
(430.53	-3.81	-6.477	2.1049e6)
(438.15	-3.81	-6.477	2.056e6)
(445.77	-3.81	-6.477	2.0073e6)
(453.39	-3.81	-6.477	1.9554e6)
(461.01	-3.81	-6.477	1.9169e6)
(468.63	-3.81	-6.477	1.8844e6)
(476.25	-3.81	-6.477	1.8572e6)
(483.87	-3.81	-6.477	1.8316e6)
(491.49	-3.81	-6.477	1.8058e6)
(499.11	-3.81	-6.477	1.7792e6)
(506.73	-3.81	-6.477	1.7538e6)
(514.35	-3.81	-6.477	1.7282e6)
(521.97	-3.81	-6.477	1.704e6)
(529.59	-3.81	-6.477	1.6867e6)
(537.21	-3.81	-6.477	1.6646e6)
(544.83	-3.81	-6.477	1.6422e6)
(552.45	-3.81	-6.477	1.617e6)
(560.07	-3.81	-6.477	1.5861e6)
(567.69	-3.81	-6.477	1.5486e6)
(575.31	-3.81	-6.477	1.5105e6)
(582.93	-3.81	-6.477	1.4847e6)
(590.55	-3.81	-6.477	1.4624e6)
(598.17	-3.81	-6.477	1.4349e6)
(605.79	-3.81	-6.477	1.4101e6)
(613.41	-3.81	-6.477	1.3875e6)
(621.03	-3.81	-6.477	1.3342e6)
(628.65	-3.81	-6.477	1.2896e6)
(636.27	-3.81	-6.477	1.2376e6)
(643.89	-3.81	-6.477	1.2076e6)
(651.51	-3.81	-6.477	1.1874e6)
(659.13	-3.81	-6.477	1.1655e6)
(666.75	-3.81	-6.477	1.1457e6)
(674.37	-3.81	-6.477	1.1156e6)
(681.99	-3.81	-6.477	1.0776e6)
(689.61	-3.81	-6.477	1.0389e6)
(697.23	-3.81	-6.477	0.99534e6)
(704.85	-3.81	-6.477	0.95264e6)
(712.47	-3.81	-6.477	0.9077e6)
(720.09	-3.81	-6.477	0.86931e6)
(727.71	-3.81	-6.477	0.82885e6)
(735.33	-3.81	-6.477	0.78876e6)
(742.95	-3.81	-6.477	0.75665e6)
(750.57	-3.81	-6.477	0.71891e6)
(758.19	-3.81	-6.477	0.67369e6)
(3.81	-3.81	-7.239	4.7411e6)
(11.43	-3.81	-7.239	4.6823e6)
(19.05	-3.81	-7.239	4.629e6)
(26.67	-3.81	-7.239	4.5805e6)
(34.29	-3.81	-7.239	4.5238e6)
(41.91	-3.81	-7.239	4.4702e6)
(49.53	-3.81	-7.239	4.4128e6)
(57.15	-3.81	-7.239	4.3477e6)
(64.77	-3.81	-7.239	4.2888e6)
(72.39	-3.81	-7.239	4.2138e6)
(80.01	-3.81	-7.239	4.1302e6)
(87.63	-3.81	-7.239	4.0407e6)
(95.25	-3.81	-7.239	3.8956e6)
(102.87	-3.81	-7.239	3.8577e6)
(110.49	-3.81	-7.239	3.8139e6)
(118.11	-3.81	-7.239	3.8163e6)
(125.73	-3.81	-7.239	3.7898e6)
(133.35	-3.81	-7.239	3.739e6)
(140.97	-3.81	-7.239	3.6652e6)
(148.59	-3.81	-7.239	3.6345e6)
(156.21	-3.81	-7.239	3.6063e6)
(163.83	-3.81	-7.239	3.5747e6)
(171.45	-3.81	-7.239	3.5383e6)
(179.07	-3.81	-7.239	3.5107e6)
(186.69	-3.81	-7.239	3.4687e6)
(194.31	-3.81	-7.239	3.4353e6)
(201.93	-3.81	-7.239	3.4019e6)
(209.55	-3.81	-7.239	3.3424e6)
(217.17	-3.81	-7.239	3.2722e6)
(224.79	-3.81	-7.239	3.2148e6)
(232.41	-3.81	-7.239	3.1599e6)
(240.03	-3.81	-7.239	3.1271e6)
(247.65	-3.81	-7.239	3.0876e6)
(255.27	-3.81	-7.239	3.0189e6)
(262.89	-3.81	-7.239	2.9288e6)
(270.51	-3.81	-7.239	2.9081e6)
(278.13	-3.81	-7.239	2.8841e6)
(285.75	-3.81	-7.239	2.8529e6)
(293.37	-3.81	-7.239	2.8131e6)
(300.99	-3.81	-7.239	2.7755e6)
(308.61	-3.81	-7.239	2.7449e6)
(316.23	-3.81	-7.239	2.7107e6)
(323.85	-3.81	-7.239	2.6723e6)
(331.47	-3.81	-7.239	2.628e6)
(339.09	-3.81	-7.239	2.5865e6)
(346.71	-3.81	-7.239	2.5468e6)
(354.33	-3.81	-7.239	2.5086e6)
(361.95	-3.81	-7.239	2.4698e6)
(369.57	-3.81	-7.239	2.4317e6)
(377.19	-3.81	-7.239	2.3954e6)
(384.81	-3.81	-7.239	2.3598e6)
(392.43	-3.81	-7.239	2.3207e6)
(400.05	-3.81	-7.239	2.2815e6)
(407.67	-3.81	-7.239	2.2508e6)
(415.29	-3.81	-7.239	2.1987e6)
(422.91	-3.81	-7.239	2.153e6)
(430.53	-3.81	-7.239	2.105e6)
(438.15	-3.81	-7.239	2.056e6)
(445.77	-3.81	-7.239	2.0073e6)
(453.39	-3.81	-7.239	1.9555e6)
(461.01	-3.81	-7.239	1.9177e6)
(468.63	-3.81	-7.239	1.8848e6)
(476.25	-3.81	-7.239	1.8573e6)
(483.87	-3.81	-7.239	1.8317e6)
(491.49	-3.81	-7.239	1.8062e6)
(499.11	-3.81	-7.239	1.7806e6)
(506.73	-3.81	-7.239	1.7548e6)
(514.35	-3.81	-7.239	1.7309e6)
(521.97	-3.81	-7.239	1.7063e6)
(529.59	-3.81	-7.239	1.6867e6)
(537.21	-3.81	-7.239	1.6664e6)
(544.83	-3.81	-7.239	1.6429e6)
(552.45	-3.81	-7.239	1.617e6)
(560.07	-3.81	-7.239	1.5865e6)
(567.69	-3.81	-7.239	1.5487e6)
(575.31	-3.81	-7.239	1.5104e6)
(582.93	-3.81	-7.239	1.4846e6)
(590.55	-3.81	-7.239	1.4625e6)
(598.17	-3.81	-7.239	1.4359e6)
(605.79	-3.81	-7.239	1.4112e6)
(613.41	-3.81	-7.239	1.3926e6)
(621.03	-3.81	-7.239	1.3351e6)
(628.65	-3.81	-7.239	1.29e6)
(636.27	-3.81	-7.239	1.2391e6)
(643.89	-3.81	-7.239	1.2066e6)
(651.51	-3.81	-7.239	1.1885e6)
(659.13	-3.81	-7.239	1.1655e6)
(666.75	-3.81	-7.239	1.1453e6)
(674.37	-3.81	-7.239	1.1155e6)
(681.99	-3.81	-7.239	1.0778e6)
(689.61	-3.81	-7.239	1.0388e6)
(697.23	-3.81	-7.239	0.99519e6)
(704.85	-3.81	-7.239	0.95244e6)
(712.47	-3.81	-7.239	0.90799e6)
(720.09	-3.81	-7.239	0.86942e6)
(727.71	-3.81	-7.239	0.82954e6)
(735.33	-3.81	-7.239	0.78942e6)
(742.95	-3.81	-7.239	0.75712e6)
(750.57	-3.81	-7.239	0.71909e6)
(758.19	-3.81	-7.239	0.67369e6)
(3.81	-3.81	-8.001	4.7394e6)
(11.43	-3.81	-8.001	4.6818e6)
(19.05	-3.81	-8.001	4.6299e6)
(26.67	-3.81	-8.001	4.5801e6)
(34.29	-3.81	-8.001	4.5236e6)
(41.91	-3.81	-8.001	4.471e6)
(49.53	-3.81	-8.001	4.4131e6)
(57.15	-3.81	-8.001	4.3478e6)
(64.77	-3.81	-8.001	4.2864e6)
(72.39	-3.81	-8.001	4.2145e6)
(80.01	-3.81	-8.001	4.1459e6)
(87.63	-3.81	-8.001	4.1025e6)
(95.25	-3.81	-8.001	3.9968e6)
(102.87	-3.81	-8.001	3.9417e6)
(110.49	-3.81	-8.001	3.8848e6)
(118.11	-3.81	-8.001	3.865e6)
(125.73	-3.81	-8.001	3.8311e6)
(133.35	-3.81	-8.001	3.7717e6)
(140.97	-3.81	-8.001	3.6991e6)
(148.59	-3.81	-8.001	3.668e6)
(156.21	-3.81	-8.001	3.6305e6)
(163.83	-3.81	-8.001	3.5914e6)
(171.45	-3.81	-8.001	3.5518e6)
(179.07	-3.81	-8.001	3.5115e6)
(186.69	-3.81	-8.001	3.469e6)
(194.31	-3.81	-8.001	3.4354e6)
(201.93	-3.81	-8.001	3.4016e6)
(209.55	-3.81	-8.001	3.3428e6)
(217.17	-3.81	-8.001	3.2718e6)
(224.79	-3.81	-8.001	3.2135e6)
(232.41	-3.81	-8.001	3.1594e6)
(240.03	-3.81	-8.001	3.1258e6)
(247.65	-3.81	-8.001	3.0863e6)
(255.27	-3.81	-8.001	3.0185e6)
(262.89	-3.81	-8.001	2.9272e6)
(270.51	-3.81	-8.001	2.9065e6)
(278.13	-3.81	-8.001	2.8827e6)
(285.75	-3.81	-8.001	2.8508e6)
(293.37	-3.81	-8.001	2.8126e6)
(300.99	-3.81	-8.001	2.7769e6)
(308.61	-3.81	-8.001	2.7437e6)
(316.23	-3.81	-8.001	2.7102e6)
(323.85	-3.81	-8.001	2.6732e6)
(331.47	-3.81	-8.001	2.6277e6)
(339.09	-3.81	-8.001	2.5851e6)
(346.71	-3.81	-8.001	2.5514e6)
(354.33	-3.81	-8.001	2.512e6)
(361.95	-3.81	-8.001	2.4696e6)
(369.57	-3.81	-8.001	2.4296e6)
(377.19	-3.81	-8.001	2.3943e6)
(384.81	-3.81	-8.001	2.3604e6)
(392.43	-3.81	-8.001	2.3205e6)
(400.05	-3.81	-8.001	2.2816e6)
(407.67	-3.81	-8.001	2.2506e6)
(415.29	-3.81	-8.001	2.1987e6)
(422.91	-3.81	-8.001	2.153e6)
(430.53	-3.81	-8.001	2.105e6)
(438.15	-3.81	-8.001	2.0561e6)
(445.77	-3.81	-8.001	2.0073e6)
(453.39	-3.81	-8.001	1.9555e6)
(461.01	-3.81	-8.001	1.9177e6)
(468.63	-3.81	-8.001	1.8849e6)
(476.25	-3.81	-8.001	1.8573e6)
(483.87	-3.81	-8.001	1.8317e6)
(491.49	-3.81	-8.001	1.8063e6)
(499.11	-3.81	-8.001	1.7806e6)
(506.73	-3.81	-8.001	1.7548e6)
(514.35	-3.81	-8.001	1.7308e6)
(521.97	-3.81	-8.001	1.7063e6)
(529.59	-3.81	-8.001	1.6867e6)
(537.21	-3.81	-8.001	1.6664e6)
(544.83	-3.81	-8.001	1.643e6)
(552.45	-3.81	-8.001	1.6169e6)
(560.07	-3.81	-8.001	1.5864e6)
(567.69	-3.81	-8.001	1.5488e6)
(575.31	-3.81	-8.001	1.5106e6)
(582.93	-3.81	-8.001	1.4846e6)
(590.55	-3.81	-8.001	1.4624e6)
(598.17	-3.81	-8.001	1.436e6)
(605.79	-3.81	-8.001	1.4113e6)
(613.41	-3.81	-8.001	1.3928e6)
(621.03	-3.81	-8.001	1.3359e6)
(628.65	-3.81	-8.001	1.2922e6)
(636.27	-3.81	-8.001	1.2405e6)
(643.89	-3.81	-8.001	1.2098e6)
(651.51	-3.81	-8.001	1.1887e6)
(659.13	-3.81	-8.001	1.1656e6)
(666.75	-3.81	-8.001	1.1452e6)
(674.37	-3.81	-8.001	1.1149e6)
(681.99	-3.81	-8.001	1.0755e6)
(689.61	-3.81	-8.001	1.0382e6)
(697.23	-3.81	-8.001	0.99508e6)
(704.85	-3.81	-8.001	0.95245e6)
(712.47	-3.81	-8.001	0.90798e6)
(720.09	-3.81	-8.001	0.86941e6)
(727.71	-3.81	-8.001	0.82948e6)
(735.33	-3.81	-8.001	0.78937e6)
(742.95	-3.81	-8.001	0.75719e6)
(750.57	-3.81	-8.001	0.71891e6)
(758.19	-3.81	-8.001	0.67353e6)
(3.81	-3.81	-8.763	4.7378e6)
(11.43	-3.81	-8.763	4.6815e6)
(19.05	-3.81	-8.763	4.6319e6)
(26.67	-3.81	-8.763	4.5789e6)
(34.29	-3.81	-8.763	4.5234e6)
(41.91	-3.81	-8.763	4.4724e6)
(49.53	-3.81	-8.763	4.4136e6)
(57.15	-3.81	-8.763	4.348e6)
(64.77	-3.81	-8.763	4.2827e6)
(72.39	-3.81	-8.763	4.2151e6)
(80.01	-3.81	-8.763	4.1619e6)
(87.63	-3.81	-8.763	4.1083e6)
(95.25	-3.81	-8.763	4.0481e6)
(102.87	-3.81	-8.763	3.9959e6)
(110.49	-3.81	-8.763	3.9502e6)
(118.11	-3.81	-8.763	3.898e6)
(125.73	-3.81	-8.763	3.8443e6)
(133.35	-3.81	-8.763	3.788e6)
(140.97	-3.81	-8.763	3.7369e6)
(148.59	-3.81	-8.763	3.7017e6)
(156.21	-3.81	-8.763	3.6549e6)
(163.83	-3.81	-8.763	3.6082e6)
(171.45	-3.81	-8.763	3.5663e6)
(179.07	-3.81	-8.763	3.5129e6)
(186.69	-3.81	-8.763	3.4694e6)
(194.31	-3.81	-8.763	3.4356e6)
(201.93	-3.81	-8.763	3.4013e6)
(209.55	-3.81	-8.763	3.3426e6)
(217.17	-3.81	-8.763	3.2711e6)
(224.79	-3.81	-8.763	3.2128e6)
(232.41	-3.81	-8.763	3.1592e6)
(240.03	-3.81	-8.763	3.1257e6)
(247.65	-3.81	-8.763	3.0863e6)
(255.27	-3.81	-8.763	3.0192e6)
(262.89	-3.81	-8.763	2.9284e6)
(270.51	-3.81	-8.763	2.9065e6)
(278.13	-3.81	-8.763	2.8824e6)
(285.75	-3.81	-8.763	2.8507e6)
(293.37	-3.81	-8.763	2.8126e6)
(300.99	-3.81	-8.763	2.7772e6)
(308.61	-3.81	-8.763	2.7438e6)
(316.23	-3.81	-8.763	2.7105e6)
(323.85	-3.81	-8.763	2.6743e6)
(331.47	-3.81	-8.763	2.6286e6)
(339.09	-3.81	-8.763	2.5876e6)
(346.71	-3.81	-8.763	2.5515e6)
(354.33	-3.81	-8.763	2.5122e6)
(361.95	-3.81	-8.763	2.4699e6)
(369.57	-3.81	-8.763	2.4298e6)
(377.19	-3.81	-8.763	2.3943e6)
(384.81	-3.81	-8.763	2.3604e6)
(392.43	-3.81	-8.763	2.3206e6)
(400.05	-3.81	-8.763	2.2795e6)
(407.67	-3.81	-8.763	2.2502e6)
(415.29	-3.81	-8.763	2.1981e6)
(422.91	-3.81	-8.763	2.1528e6)
(430.53	-3.81	-8.763	2.1048e6)
(438.15	-3.81	-8.763	2.0561e6)
(445.77	-3.81	-8.763	2.0053e6)
(453.39	-3.81	-8.763	1.9494e6)
(461.01	-3.81	-8.763	1.9165e6)
(468.63	-3.81	-8.763	1.8854e6)
(476.25	-3.81	-8.763	1.8583e6)
(483.87	-3.81	-8.763	1.8331e6)
(491.49	-3.81	-8.763	1.8078e6)
(499.11	-3.81	-8.763	1.7807e6)
(506.73	-3.81	-8.763	1.7536e6)
(514.35	-3.81	-8.763	1.7302e6)
(521.97	-3.81	-8.763	1.7066e6)
(529.59	-3.81	-8.763	1.6868e6)
(537.21	-3.81	-8.763	1.6667e6)
(544.83	-3.81	-8.763	1.6436e6)
(552.45	-3.81	-8.763	1.6187e6)
(560.07	-3.81	-8.763	1.587e6)
(567.69	-3.81	-8.763	1.5488e6)
(575.31	-3.81	-8.763	1.5112e6)
(582.93	-3.81	-8.763	1.4862e6)
(590.55	-3.81	-8.763	1.4619e6)
(598.17	-3.81	-8.763	1.4353e6)
(605.79	-3.81	-8.763	1.4119e6)
(613.41	-3.81	-8.763	1.391e6)
(621.03	-3.81	-8.763	1.3364e6)
(628.65	-3.81	-8.763	1.3065e6)
(636.27	-3.81	-8.763	1.2514e6)
(643.89	-3.81	-8.763	1.2145e6)
(651.51	-3.81	-8.763	1.1892e6)
(659.13	-3.81	-8.763	1.1658e6)
(666.75	-3.81	-8.763	1.1449e6)
(674.37	-3.81	-8.763	1.1139e6)
(681.99	-3.81	-8.763	1.0702e6)
(689.61	-3.81	-8.763	1.031e6)
(697.23	-3.81	-8.763	0.98852e6)
(704.85	-3.81	-8.763	0.95192e6)
(712.47	-3.81	-8.763	0.90794e6)
(720.09	-3.81	-8.763	0.86917e6)
(727.71	-3.81	-8.763	0.82941e6)
(735.33	-3.81	-8.763	0.78988e6)
(742.95	-3.81	-8.763	0.75706e6)
(750.57	-3.81	-8.763	0.71863e6)
(758.19	-3.81	-8.763	0.67358e6)
(3.81	-3.81	-9.525	4.7376e6)
(11.43	-3.81	-9.525	4.6815e6)
(19.05	-3.81	-9.525	4.6329e6)
(26.67	-3.81	-9.525	4.5783e6)
(34.29	-3.81	-9.525	4.5234e6)
(41.91	-3.81	-9.525	4.473e6)
(49.53	-3.81	-9.525	4.4139e6)
(57.15	-3.81	-9.525	4.3481e6)
(64.77	-3.81	-9.525	4.2808e6)
(72.39	-3.81	-9.525	4.2155e6)
(80.01	-3.81	-9.525	4.1625e6)
(87.63	-3.81	-9.525	4.1089e6)
(95.25	-3.81	-9.525	4.0498e6)
(102.87	-3.81	-9.525	3.9978e6)
(110.49	-3.81	-9.525	3.9507e6)
(118.11	-3.81	-9.525	3.899e6)
(125.73	-3.81	-9.525	3.8449e6)
(133.35	-3.81	-9.525	3.7887e6)
(140.97	-3.81	-9.525	3.7411e6)
(148.59	-3.81	-9.525	3.7024e6)
(156.21	-3.81	-9.525	3.6552e6)
(163.83	-3.81	-9.525	3.6085e6)
(171.45	-3.81	-9.525	3.5666e6)
(179.07	-3.81	-9.525	3.5148e6)
(186.69	-3.81	-9.525	3.4697e6)
(194.31	-3.81	-9.525	3.4357e6)
(201.93	-3.81	-9.525	3.4011e6)
(209.55	-3.81	-9.525	3.3423e6)
(217.17	-3.81	-9.525	3.2705e6)
(224.79	-3.81	-9.525	3.2125e6)
(232.41	-3.81	-9.525	3.1591e6)
(240.03	-3.81	-9.525	3.1257e6)
(247.65	-3.81	-9.525	3.0864e6)
(255.27	-3.81	-9.525	3.0196e6)
(262.89	-3.81	-9.525	2.93e6)
(270.51	-3.81	-9.525	2.8951e6)
(278.13	-3.81	-9.525	2.8795e6)
(285.75	-3.81	-9.525	2.8493e6)
(293.37	-3.81	-9.525	2.8136e6)
(300.99	-3.81	-9.525	2.7806e6)
(308.61	-3.81	-9.525	2.7484e6)
(316.23	-3.81	-9.525	2.7151e6)
(323.85	-3.81	-9.525	2.6854e6)
(331.47	-3.81	-9.525	2.6467e6)
(339.09	-3.81	-9.525	2.6242e6)
(346.71	-3.81	-9.525	2.5716e6)
(354.33	-3.81	-9.525	2.5214e6)
(361.95	-3.81	-9.525	2.4767e6)
(369.57	-3.81	-9.525	2.4372e6)
(377.19	-3.81	-9.525	2.3963e6)
(384.81	-3.81	-9.525	2.3593e6)
(392.43	-3.81	-9.525	2.3161e6)
(400.05	-3.81	-9.525	2.2723e6)
(407.67	-3.81	-9.525	2.2296e6)
(415.29	-3.81	-9.525	2.1869e6)
(422.91	-3.81	-9.525	2.1457e6)
(430.53	-3.81	-9.525	2.0966e6)
(438.15	-3.81	-9.525	2.0448e6)
(445.77	-3.81	-9.525	1.9813e6)
(453.39	-3.81	-9.525	1.9432e6)
(461.01	-3.81	-9.525	1.9152e6)
(468.63	-3.81	-9.525	1.8859e6)
(476.25	-3.81	-9.525	1.8593e6)
(483.87	-3.81	-9.525	1.8344e6)
(491.49	-3.81	-9.525	1.8093e6)
(499.11	-3.81	-9.525	1.7808e6)
(506.73	-3.81	-9.525	1.7524e6)
(514.35	-3.81	-9.525	1.7297e6)
(521.97	-3.81	-9.525	1.7067e6)
(529.59	-3.81	-9.525	1.6869e6)
(537.21	-3.81	-9.525	1.6671e6)
(544.83	-3.81	-9.525	1.6441e6)
(552.45	-3.81	-9.525	1.6203e6)
(560.07	-3.81	-9.525	1.5876e6)
(567.69	-3.81	-9.525	1.5488e6)
(575.31	-3.81	-9.525	1.5117e6)
(582.93	-3.81	-9.525	1.4878e6)
(590.55	-3.81	-9.525	1.4615e6)
(598.17	-3.81	-9.525	1.4346e6)
(605.79	-3.81	-9.525	1.4124e6)
(613.41	-3.81	-9.525	1.3889e6)
(621.03	-3.81	-9.525	1.3361e6)
(628.65	-3.81	-9.525	1.3185e6)
(636.27	-3.81	-9.525	1.2611e6)
(643.89	-3.81	-9.525	1.2162e6)
(651.51	-3.81	-9.525	1.1895e6)
(659.13	-3.81	-9.525	1.166e6)
(666.75	-3.81	-9.525	1.1447e6)
(674.37	-3.81	-9.525	1.1134e6)
(681.99	-3.81	-9.525	1.0664e6)
(689.61	-3.81	-9.525	1.0238e6)
(697.23	-3.81	-9.525	0.98202e6)
(704.85	-3.81	-9.525	0.95161e6)
(712.47	-3.81	-9.525	0.90768e6)
(720.09	-3.81	-9.525	0.8687e6)
(727.71	-3.81	-9.525	0.82941e6)
(735.33	-3.81	-9.525	0.7907e6)
(742.95	-3.81	-9.525	0.75723e6)
(750.57	-3.81	-9.525	0.71824e6)
(758.19	-3.81	-9.525	0.67357e6)
(3.81	-3.81	-10.287	4.7436e6)
(11.43	-3.81	-10.287	4.6864e6)
(19.05	-3.81	-10.287	4.6292e6)
(26.67	-3.81	-10.287	4.5796e6)
(34.29	-3.81	-10.287	4.5328e6)
(41.91	-3.81	-10.287	4.4829e6)
(49.53	-3.81	-10.287	4.4417e6)
(57.15	-3.81	-10.287	4.3857e6)
(64.77	-3.81	-10.287	4.3065e6)
(72.39	-3.81	-10.287	4.2186e6)
(80.01	-3.81	-10.287	4.1448e6)
(87.63	-3.81	-10.287	4.0968e6)
(95.25	-3.81	-10.287	4.0508e6)
(102.87	-3.81	-10.287	3.9979e6)
(110.49	-3.81	-10.287	3.9506e6)
(118.11	-3.81	-10.287	3.899e6)
(125.73	-3.81	-10.287	3.8449e6)
(133.35	-3.81	-10.287	3.7888e6)
(140.97	-3.81	-10.287	3.741e6)
(148.59	-3.81	-10.287	3.7021e6)
(156.21	-3.81	-10.287	3.6551e6)
(163.83	-3.81	-10.287	3.6085e6)
(171.45	-3.81	-10.287	3.5667e6)
(179.07	-3.81	-10.287	3.5162e6)
(186.69	-3.81	-10.287	3.477e6)
(194.31	-3.81	-10.287	3.4407e6)
(201.93	-3.81	-10.287	3.3999e6)
(209.55	-3.81	-10.287	3.342e6)
(217.17	-3.81	-10.287	3.2739e6)
(224.79	-3.81	-10.287	3.222e6)
(232.41	-3.81	-10.287	3.1663e6)
(240.03	-3.81	-10.287	3.1311e6)
(247.65	-3.81	-10.287	3.0909e6)
(255.27	-3.81	-10.287	3.0213e6)
(262.89	-3.81	-10.287	2.9414e6)
(270.51	-3.81	-10.287	2.8772e6)
(278.13	-3.81	-10.287	2.8671e6)
(285.75	-3.81	-10.287	2.8429e6)
(293.37	-3.81	-10.287	2.8153e6)
(300.99	-3.81	-10.287	2.7891e6)
(308.61	-3.81	-10.287	2.763e6)
(316.23	-3.81	-10.287	2.734e6)
(323.85	-3.81	-10.287	2.7088e6)
(331.47	-3.81	-10.287	2.6807e6)
(339.09	-3.81	-10.287	2.6696e6)
(346.71	-3.81	-10.287	2.5922e6)
(354.33	-3.81	-10.287	2.531e6)
(361.95	-3.81	-10.287	2.4836e6)
(369.57	-3.81	-10.287	2.4449e6)
(377.19	-3.81	-10.287	2.3985e6)
(384.81	-3.81	-10.287	2.3581e6)
(392.43	-3.81	-10.287	2.3118e6)
(400.05	-3.81	-10.287	2.267e6)
(407.67	-3.81	-10.287	2.2091e6)
(415.29	-3.81	-10.287	2.1759e6)
(422.91	-3.81	-10.287	2.1388e6)
(430.53	-3.81	-10.287	2.0887e6)
(438.15	-3.81	-10.287	2.0339e6)
(445.77	-3.81	-10.287	1.9585e6)
(453.39	-3.81	-10.287	1.9418e6)
(461.01	-3.81	-10.287	1.9147e6)
(468.63	-3.81	-10.287	1.886e6)
(476.25	-3.81	-10.287	1.8622e6)
(483.87	-3.81	-10.287	1.8374e6)
(491.49	-3.81	-10.287	1.81e6)
(499.11	-3.81	-10.287	1.7803e6)
(506.73	-3.81	-10.287	1.7502e6)
(514.35	-3.81	-10.287	1.7286e6)
(521.97	-3.81	-10.287	1.7062e6)
(529.59	-3.81	-10.287	1.6875e6)
(537.21	-3.81	-10.287	1.6685e6)
(544.83	-3.81	-10.287	1.6445e6)
(552.45	-3.81	-10.287	1.6227e6)
(560.07	-3.81	-10.287	1.5888e6)
(567.69	-3.81	-10.287	1.549e6)
(575.31	-3.81	-10.287	1.5138e6)
(582.93	-3.81	-10.287	1.4881e6)
(590.55	-3.81	-10.287	1.4606e6)
(598.17	-3.81	-10.287	1.4343e6)
(605.79	-3.81	-10.287	1.411e6)
(613.41	-3.81	-10.287	1.3866e6)
(621.03	-3.81	-10.287	1.3351e6)
(628.65	-3.81	-10.287	1.3172e6)
(636.27	-3.81	-10.287	1.2603e6)
(643.89	-3.81	-10.287	1.2166e6)
(651.51	-3.81	-10.287	1.1899e6)
(659.13	-3.81	-10.287	1.166e6)
(666.75	-3.81	-10.287	1.1446e6)
(674.37	-3.81	-10.287	1.113e6)
(681.99	-3.81	-10.287	1.0634e6)
(689.61	-3.81	-10.287	1.0228e6)
(697.23	-3.81	-10.287	0.98119e6)
(704.85	-3.81	-10.287	0.95119e6)
(712.47	-3.81	-10.287	0.90708e6)
(720.09	-3.81	-10.287	0.86858e6)
(727.71	-3.81	-10.287	0.82936e6)
(735.33	-3.81	-10.287	0.79089e6)
(742.95	-3.81	-10.287	0.75758e6)
(750.57	-3.81	-10.287	0.71764e6)
(758.19	-3.81	-10.287	0.67349e6)
(3.81	-3.81	-11.049	4.7499e6)
(11.43	-3.81	-11.049	4.6915e6)
(19.05	-3.81	-11.049	4.6255e6)
(26.67	-3.81	-11.049	4.5812e6)
(34.29	-3.81	-11.049	4.5421e6)
(41.91	-3.81	-11.049	4.5041e6)
(49.53	-3.81	-11.049	4.4698e6)
(57.15	-3.81	-11.049	4.4239e6)
(64.77	-3.81	-11.049	4.3328e6)
(72.39	-3.81	-11.049	4.2218e6)
(80.01	-3.81	-11.049	4.127e6)
(87.63	-3.81	-11.049	4.0845e6)
(95.25	-3.81	-11.049	4.0522e6)
(102.87	-3.81	-11.049	3.9988e6)
(110.49	-3.81	-11.049	3.9536e6)
(118.11	-3.81	-11.049	3.8832e6)
(125.73	-3.81	-11.049	3.8157e6)
(133.35	-3.81	-11.049	3.758e6)
(140.97	-3.81	-11.049	3.7195e6)
(148.59	-3.81	-11.049	3.6883e6)
(156.21	-3.81	-11.049	3.647e6)
(163.83	-3.81	-11.049	3.6048e6)
(171.45	-3.81	-11.049	3.5675e6)
(179.07	-3.81	-11.049	3.5255e6)
(186.69	-3.81	-11.049	3.4933e6)
(194.31	-3.81	-11.049	3.45e6)
(201.93	-3.81	-11.049	3.3989e6)
(209.55	-3.81	-11.049	3.3416e6)
(217.17	-3.81	-11.049	3.2771e6)
(224.79	-3.81	-11.049	3.2322e6)
(232.41	-3.81	-11.049	3.1764e6)
(240.03	-3.81	-11.049	3.1367e6)
(247.65	-3.81	-11.049	3.0955e6)
(255.27	-3.81	-11.049	3.0243e6)
(262.89	-3.81	-11.049	2.9536e6)
(270.51	-3.81	-11.049	2.8705e6)
(278.13	-3.81	-11.049	2.8576e6)
(285.75	-3.81	-11.049	2.839e6)
(293.37	-3.81	-11.049	2.8157e6)
(300.99	-3.81	-11.049	2.7943e6)
(308.61	-3.81	-11.049	2.7733e6)
(316.23	-3.81	-11.049	2.7487e6)
(323.85	-3.81	-11.049	2.7225e6)
(331.47	-3.81	-11.049	2.6975e6)
(339.09	-3.81	-11.049	2.6813e6)
(346.71	-3.81	-11.049	2.5998e6)
(354.33	-3.81	-11.049	2.5335e6)
(361.95	-3.81	-11.049	2.4859e6)
(369.57	-3.81	-11.049	2.4495e6)
(377.19	-3.81	-11.049	2.4004e6)
(384.81	-3.81	-11.049	2.3561e6)
(392.43	-3.81	-11.049	2.3106e6)
(400.05	-3.81	-11.049	2.2595e6)
(407.67	-3.81	-11.049	2.1909e6)
(415.29	-3.81	-11.049	2.1647e6)
(422.91	-3.81	-11.049	2.1374e6)
(430.53	-3.81	-11.049	2.0884e6)
(438.15	-3.81	-11.049	2.0284e6)
(445.77	-3.81	-11.049	1.957e6)
(453.39	-3.81	-11.049	1.9405e6)
(461.01	-3.81	-11.049	1.9142e6)
(468.63	-3.81	-11.049	1.8861e6)
(476.25	-3.81	-11.049	1.8651e6)
(483.87	-3.81	-11.049	1.8404e6)
(491.49	-3.81	-11.049	1.8108e6)
(499.11	-3.81	-11.049	1.7797e6)
(506.73	-3.81	-11.049	1.7479e6)
(514.35	-3.81	-11.049	1.727e6)
(521.97	-3.81	-11.049	1.7057e6)
(529.59	-3.81	-11.049	1.688e6)
(537.21	-3.81	-11.049	1.6698e6)
(544.83	-3.81	-11.049	1.6449e6)
(552.45	-3.81	-11.049	1.625e6)
(560.07	-3.81	-11.049	1.5912e6)
(567.69	-3.81	-11.049	1.5494e6)
(575.31	-3.81	-11.049	1.5162e6)
(582.93	-3.81	-11.049	1.4885e6)
(590.55	-3.81	-11.049	1.4594e6)
(598.17	-3.81	-11.049	1.4334e6)
(605.79	-3.81	-11.049	1.4076e6)
(613.41	-3.81	-11.049	1.3809e6)
(621.03	-3.81	-11.049	1.327e6)
(628.65	-3.81	-11.049	1.2966e6)
(636.27	-3.81	-11.049	1.2558e6)
(643.89	-3.81	-11.049	1.2208e6)
(651.51	-3.81	-11.049	1.1952e6)
(659.13	-3.81	-11.049	1.1676e6)
(666.75	-3.81	-11.049	1.1403e6)
(674.37	-3.81	-11.049	1.1073e6)
(681.99	-3.81	-11.049	1.0399e6)
(689.61	-3.81	-11.049	1.004e6)
(697.23	-3.81	-11.049	0.97072e6)
(704.85	-3.81	-11.049	0.93986e6)
(712.47	-3.81	-11.049	0.8988e6)
(720.09	-3.81	-11.049	0.85844e6)
(727.71	-3.81	-11.049	0.82446e6)
(735.33	-3.81	-11.049	0.79131e6)
(742.95	-3.81	-11.049	0.75872e6)
(750.57	-3.81	-11.049	0.71539e6)
(758.19	-3.81	-11.049	0.67252e6)
(3.81	-3.81	-11.811	4.7501e6)
(11.43	-3.81	-11.811	4.6918e6)
(19.05	-3.81	-11.811	4.6257e6)
(26.67	-3.81	-11.811	4.5812e6)
(34.29	-3.81	-11.811	4.5421e6)
(41.91	-3.81	-11.811	4.5041e6)
(49.53	-3.81	-11.811	4.4706e6)
(57.15	-3.81	-11.811	4.4242e6)
(64.77	-3.81	-11.811	4.3336e6)
(72.39	-3.81	-11.811	4.2223e6)
(80.01	-3.81	-11.811	4.1248e6)
(87.63	-3.81	-11.811	4.0842e6)
(95.25	-3.81	-11.811	4.0525e6)
(102.87	-3.81	-11.811	3.9997e6)
(110.49	-3.81	-11.811	3.9565e6)
(118.11	-3.81	-11.811	3.8686e6)
(125.73	-3.81	-11.811	3.7864e6)
(133.35	-3.81	-11.811	3.727e6)
(140.97	-3.81	-11.811	3.6983e6)
(148.59	-3.81	-11.811	3.6747e6)
(156.21	-3.81	-11.811	3.6388e6)
(163.83	-3.81	-11.811	3.6009e6)
(171.45	-3.81	-11.811	3.5686e6)
(179.07	-3.81	-11.811	3.535e6)
(186.69	-3.81	-11.811	3.5033e6)
(194.31	-3.81	-11.811	3.455e6)
(201.93	-3.81	-11.811	3.3989e6)
(209.55	-3.81	-11.811	3.3415e6)
(217.17	-3.81	-11.811	3.2775e6)
(224.79	-3.81	-11.811	3.2325e6)
(232.41	-3.81	-11.811	3.1798e6)
(240.03	-3.81	-11.811	3.1375e6)
(247.65	-3.81	-11.811	3.0959e6)
(255.27	-3.81	-11.811	3.0244e6)
(262.89	-3.81	-11.811	2.9566e6)
(270.51	-3.81	-11.811	2.8735e6)
(278.13	-3.81	-11.811	2.8582e6)
(285.75	-3.81	-11.811	2.8395e6)
(293.37	-3.81	-11.811	2.8162e6)
(300.99	-3.81	-11.811	2.7944e6)
(308.61	-3.81	-11.811	2.7733e6)
(316.23	-3.81	-11.811	2.7488e6)
(323.85	-3.81	-11.811	2.7225e6)
(331.47	-3.81	-11.811	2.6974e6)
(339.09	-3.81	-11.811	2.6809e6)
(346.71	-3.81	-11.811	2.6065e6)
(354.33	-3.81	-11.811	2.5359e6)
(361.95	-3.81	-11.811	2.488e6)
(369.57	-3.81	-11.811	2.4541e6)
(377.19	-3.81	-11.811	2.4024e6)
(384.81	-3.81	-11.811	2.3544e6)
(392.43	-3.81	-11.811	2.3094e6)
(400.05	-3.81	-11.811	2.2524e6)
(407.67	-3.81	-11.811	2.1731e6)
(415.29	-3.81	-11.811	2.1537e6)
(422.91	-3.81	-11.811	2.1363e6)
(430.53	-3.81	-11.811	2.0881e6)
(438.15	-3.81	-11.811	2.0234e6)
(445.77	-3.81	-11.811	1.958e6)
(453.39	-3.81	-11.811	1.9405e6)
(461.01	-3.81	-11.811	1.9141e6)
(468.63	-3.81	-11.811	1.8862e6)
(476.25	-3.81	-11.811	1.8651e6)
(483.87	-3.81	-11.811	1.8402e6)
(491.49	-3.81	-11.811	1.8108e6)
(499.11	-3.81	-11.811	1.7797e6)
(506.73	-3.81	-11.811	1.7466e6)
(514.35	-3.81	-11.811	1.7261e6)
(521.97	-3.81	-11.811	1.706e6)
(529.59	-3.81	-11.811	1.6882e6)
(537.21	-3.81	-11.811	1.67e6)
(544.83	-3.81	-11.811	1.6488e6)
(552.45	-3.81	-11.811	1.6309e6)
(560.07	-3.81	-11.811	1.6078e6)
(567.69	-3.81	-11.811	1.5793e6)
(575.31	-3.81	-11.811	1.5363e6)
(582.93	-3.81	-11.811	1.4948e6)
(590.55	-3.81	-11.811	1.4589e6)
(598.17	-3.81	-11.811	1.4327e6)
(605.79	-3.81	-11.811	1.4055e6)
(613.41	-3.81	-11.811	1.3773e6)
(621.03	-3.81	-11.811	1.3194e6)
(628.65	-3.81	-11.811	1.2772e6)
(636.27	-3.81	-11.811	1.2519e6)
(643.89	-3.81	-11.811	1.2247e6)
(651.51	-3.81	-11.811	1.2002e6)
(659.13	-3.81	-11.811	1.1691e6)
(666.75	-3.81	-11.811	1.136e6)
(674.37	-3.81	-11.811	1.1022e6)
(681.99	-3.81	-11.811	1.018e6)
(689.61	-3.81	-11.811	0.98617e6)
(697.23	-3.81	-11.811	0.96097e6)
(704.85	-3.81	-11.811	0.92881e6)
(712.47	-3.81	-11.811	0.89076e6)
(720.09	-3.81	-11.811	0.84829e6)
(727.71	-3.81	-11.811	0.81977e6)
(735.33	-3.81	-11.811	0.79184e6)
(742.95	-3.81	-11.811	0.75959e6)
(750.57	-3.81	-11.811	0.7129e6)
(758.19	-3.81	-11.811	0.67139e6)
(3.81	-3.81	-12.573	4.7512e6)
(11.43	-3.81	-12.573	4.6946e6)
(19.05	-3.81	-12.573	4.6262e6)
(26.67	-3.81	-12.573	4.5815e6)
(34.29	-3.81	-12.573	4.5423e6)
(41.91	-3.81	-12.573	4.5041e6)
(49.53	-3.81	-12.573	4.4755e6)
(57.15	-3.81	-12.573	4.4367e6)
(64.77	-3.81	-12.573	4.3351e6)
(72.39	-3.81	-12.573	4.2217e6)
(80.01	-3.81	-12.573	4.1177e6)
(87.63	-3.81	-12.573	4.0838e6)
(95.25	-3.81	-12.573	4.0544e6)
(102.87	-3.81	-12.573	4.017e6)
(110.49	-3.81	-12.573	3.9592e6)
(118.11	-3.81	-12.573	3.8677e6)
(125.73	-3.81	-12.573	3.7844e6)
(133.35	-3.81	-12.573	3.7248e6)
(140.97	-3.81	-12.573	3.6967e6)
(148.59	-3.81	-12.573	3.6737e6)
(156.21	-3.81	-12.573	3.6372e6)
(163.83	-3.81	-12.573	3.6004e6)
(171.45	-3.81	-12.573	3.5695e6)
(179.07	-3.81	-12.573	3.5358e6)
(186.69	-3.81	-12.573	3.504e6)
(194.31	-3.81	-12.573	3.4561e6)
(201.93	-3.81	-12.573	3.3987e6)
(209.55	-3.81	-12.573	3.3417e6)
(217.17	-3.81	-12.573	3.278e6)
(224.79	-3.81	-12.573	3.2326e6)
(232.41	-3.81	-12.573	3.1809e6)
(240.03	-3.81	-12.573	3.1385e6)
(247.65	-3.81	-12.573	3.0962e6)
(255.27	-3.81	-12.573	3.0244e6)
(262.89	-3.81	-12.573	2.9608e6)
(270.51	-3.81	-12.573	2.8785e6)
(278.13	-3.81	-12.573	2.8594e6)
(285.75	-3.81	-12.573	2.8419e6)
(293.37	-3.81	-12.573	2.8241e6)
(300.99	-3.81	-12.573	2.802e6)
(308.61	-3.81	-12.573	2.7742e6)
(316.23	-3.81	-12.573	2.7507e6)
(323.85	-3.81	-12.573	2.7196e6)
(331.47	-3.81	-12.573	2.6855e6)
(339.09	-3.81	-12.573	2.6583e6)
(346.71	-3.81	-12.573	2.5931e6)
(354.33	-3.81	-12.573	2.5336e6)
(361.95	-3.81	-12.573	2.4933e6)
(369.57	-3.81	-12.573	2.4603e6)
(377.19	-3.81	-12.573	2.4086e6)
(384.81	-3.81	-12.573	2.3606e6)
(392.43	-3.81	-12.573	2.3027e6)
(400.05	-3.81	-12.573	2.2391e6)
(407.67	-3.81	-12.573	2.1725e6)
(415.29	-3.81	-12.573	2.1534e6)
(422.91	-3.81	-12.573	2.1365e6)
(430.53	-3.81	-12.573	2.0882e6)
(438.15	-3.81	-12.573	2.0232e6)
(445.77	-3.81	-12.573	1.9591e6)
(453.39	-3.81	-12.573	1.9404e6)
(461.01	-3.81	-12.573	1.914e6)
(468.63	-3.81	-12.573	1.8862e6)
(476.25	-3.81	-12.573	1.8652e6)
(483.87	-3.81	-12.573	1.8396e6)
(491.49	-3.81	-12.573	1.8108e6)
(499.11	-3.81	-12.573	1.7796e6)
(506.73	-3.81	-12.573	1.7445e6)
(514.35	-3.81	-12.573	1.7254e6)
(521.97	-3.81	-12.573	1.7063e6)
(529.59	-3.81	-12.573	1.6884e6)
(537.21	-3.81	-12.573	1.6703e6)
(544.83	-3.81	-12.573	1.6528e6)
(552.45	-3.81	-12.573	1.6368e6)
(560.07	-3.81	-12.573	1.6236e6)
(567.69	-3.81	-12.573	1.6092e6)
(575.31	-3.81	-12.573	1.5563e6)
(582.93	-3.81	-12.573	1.5012e6)
(590.55	-3.81	-12.573	1.4589e6)
(598.17	-3.81	-12.573	1.4327e6)
(605.79	-3.81	-12.573	1.4056e6)
(613.41	-3.81	-12.573	1.3768e6)
(621.03	-3.81	-12.573	1.3187e6)
(628.65	-3.81	-12.573	1.2774e6)
(636.27	-3.81	-12.573	1.2519e6)
(643.89	-3.81	-12.573	1.2247e6)
(651.51	-3.81	-12.573	1.2003e6)
(659.13	-3.81	-12.573	1.1691e6)
(666.75	-3.81	-12.573	1.1361e6)
(674.37	-3.81	-12.573	1.1009e6)
(681.99	-3.81	-12.573	1.0167e6)
(689.61	-3.81	-12.573	0.98632e6)
(697.23	-3.81	-12.573	0.96088e6)
(704.85	-3.81	-12.573	0.92858e6)
(712.47	-3.81	-12.573	0.89073e6)
(720.09	-3.81	-12.573	0.84847e6)
(727.71	-3.81	-12.573	0.81977e6)
(735.33	-3.81	-12.573	0.79178e6)
(742.95	-3.81	-12.573	0.75932e6)
(750.57	-3.81	-12.573	0.71254e6)
(758.19	-3.81	-12.573	0.67144e6)
(3.81	-3.81	-13.335	4.752e6)
(11.43	-3.81	-13.335	4.6973e6)
(19.05	-3.81	-13.335	4.6269e6)
(26.67	-3.81	-13.335	4.5817e6)
(34.29	-3.81	-13.335	4.5424e6)
(41.91	-3.81	-13.335	4.5041e6)
(49.53	-3.81	-13.335	4.4803e6)
(57.15	-3.81	-13.335	4.45e6)
(64.77	-3.81	-13.335	4.3371e6)
(72.39	-3.81	-13.335	4.2208e6)
(80.01	-3.81	-13.335	4.1122e6)
(87.63	-3.81	-13.335	4.0835e6)
(95.25	-3.81	-13.335	4.056e6)
(102.87	-3.81	-13.335	4.0339e6)
(110.49	-3.81	-13.335	3.9625e6)
(118.11	-3.81	-13.335	3.8669e6)
(125.73	-3.81	-13.335	3.7824e6)
(133.35	-3.81	-13.335	3.7222e6)
(140.97	-3.81	-13.335	3.6948e6)
(148.59	-3.81	-13.335	3.6708e6)
(156.21	-3.81	-13.335	3.6349e6)
(163.83	-3.81	-13.335	3.5997e6)
(171.45	-3.81	-13.335	3.5704e6)
(179.07	-3.81	-13.335	3.5375e6)
(186.69	-3.81	-13.335	3.5055e6)
(194.31	-3.81	-13.335	3.4581e6)
(201.93	-3.81	-13.335	3.3966e6)
(209.55	-3.81	-13.335	3.3419e6)
(217.17	-3.81	-13.335	3.2786e6)
(224.79	-3.81	-13.335	3.233e6)
(232.41	-3.81	-13.335	3.1816e6)
(240.03	-3.81	-13.335	3.1396e6)
(247.65	-3.81	-13.335	3.0966e6)
(255.27	-3.81	-13.335	3.0243e6)
(262.89	-3.81	-13.335	2.9641e6)
(270.51	-3.81	-13.335	2.8858e6)
(278.13	-3.81	-13.335	2.8605e6)
(285.75	-3.81	-13.335	2.8441e6)
(293.37	-3.81	-13.335	2.8321e6)
(300.99	-3.81	-13.335	2.8112e6)
(308.61	-3.81	-13.335	2.7752e6)
(316.23	-3.81	-13.335	2.7525e6)
(323.85	-3.81	-13.335	2.7171e6)
(331.47	-3.81	-13.335	2.6736e6)
(339.09	-3.81	-13.335	2.636e6)
(346.71	-3.81	-13.335	2.5796e6)
(354.33	-3.81	-13.335	2.5312e6)
(361.95	-3.81	-13.335	2.4985e6)
(369.57	-3.81	-13.335	2.4669e6)
(377.19	-3.81	-13.335	2.4149e6)
(384.81	-3.81	-13.335	2.3666e6)
(392.43	-3.81	-13.335	2.2964e6)
(400.05	-3.81	-13.335	2.2265e6)
(407.67	-3.81	-13.335	2.1734e6)
(415.29	-3.81	-13.335	2.1535e6)
(422.91	-3.81	-13.335	2.1362e6)
(430.53	-3.81	-13.335	2.0878e6)
(438.15	-3.81	-13.335	2.023e6)
(445.77	-3.81	-13.335	1.9599e6)
(453.39	-3.81	-13.335	1.9404e6)
(461.01	-3.81	-13.335	1.914e6)
(468.63	-3.81	-13.335	1.8862e6)
(476.25	-3.81	-13.335	1.865e6)
(483.87	-3.81	-13.335	1.8392e6)
(491.49	-3.81	-13.335	1.8111e6)
(499.11	-3.81	-13.335	1.7794e6)
(506.73	-3.81	-13.335	1.7436e6)
(514.35	-3.81	-13.335	1.7249e6)
(521.97	-3.81	-13.335	1.7065e6)
(529.59	-3.81	-13.335	1.6885e6)
(537.21	-3.81	-13.335	1.6704e6)
(544.83	-3.81	-13.335	1.6529e6)
(552.45	-3.81	-13.335	1.6369e6)
(560.07	-3.81	-13.335	1.6238e6)
(567.69	-3.81	-13.335	1.6094e6)
(575.31	-3.81	-13.335	1.5566e6)
(582.93	-3.81	-13.335	1.5014e6)
(590.55	-3.81	-13.335	1.4591e6)
(598.17	-3.81	-13.335	1.4327e6)
(605.79	-3.81	-13.335	1.4056e6)
(613.41	-3.81	-13.335	1.3765e6)
(621.03	-3.81	-13.335	1.3187e6)
(628.65	-3.81	-13.335	1.2775e6)
(636.27	-3.81	-13.335	1.2519e6)
(643.89	-3.81	-13.335	1.2247e6)
(651.51	-3.81	-13.335	1.2003e6)
(659.13	-3.81	-13.335	1.1691e6)
(666.75	-3.81	-13.335	1.136e6)
(674.37	-3.81	-13.335	1.0999e6)
(681.99	-3.81	-13.335	1.0171e6)
(689.61	-3.81	-13.335	0.98647e6)
(697.23	-3.81	-13.335	0.9608e6)
(704.85	-3.81	-13.335	0.92845e6)
(712.47	-3.81	-13.335	0.89069e6)
(720.09	-3.81	-13.335	0.84861e6)
(727.71	-3.81	-13.335	0.81989e6)
(735.33	-3.81	-13.335	0.79172e6)
(742.95	-3.81	-13.335	0.75919e6)
(750.57	-3.81	-13.335	0.71262e6)
(758.19	-3.81	-13.335	0.6715e6)
(3.81	-3.81	-14.097	4.7094e6)
(11.43	-3.81	-14.097	4.6897e6)
(19.05	-3.81	-14.097	4.6219e6)
(26.67	-3.81	-14.097	4.588e6)
(34.29	-3.81	-14.097	4.5461e6)
(41.91	-3.81	-14.097	4.5118e6)
(49.53	-3.81	-14.097	4.4811e6)
(57.15	-3.81	-14.097	4.4518e6)
(64.77	-3.81	-14.097	4.3377e6)
(72.39	-3.81	-14.097	4.2207e6)
(80.01	-3.81	-14.097	4.1125e6)
(87.63	-3.81	-14.097	4.0835e6)
(95.25	-3.81	-14.097	4.056e6)
(102.87	-3.81	-14.097	4.0334e6)
(110.49	-3.81	-14.097	3.9624e6)
(118.11	-3.81	-14.097	3.8665e6)
(125.73	-3.81	-14.097	3.7819e6)
(133.35	-3.81	-14.097	3.7205e6)
(140.97	-3.81	-14.097	3.6943e6)
(148.59	-3.81	-14.097	3.6684e6)
(156.21	-3.81	-14.097	3.6337e6)
(163.83	-3.81	-14.097	3.5992e6)
(171.45	-3.81	-14.097	3.5704e6)
(179.07	-3.81	-14.097	3.5387e6)
(186.69	-3.81	-14.097	3.5068e6)
(194.31	-3.81	-14.097	3.4592e6)
(201.93	-3.81	-14.097	3.3947e6)
(209.55	-3.81	-14.097	3.3422e6)
(217.17	-3.81	-14.097	3.2788e6)
(224.79	-3.81	-14.097	3.2333e6)
(232.41	-3.81	-14.097	3.182e6)
(240.03	-3.81	-14.097	3.1401e6)
(247.65	-3.81	-14.097	3.0969e6)
(255.27	-3.81	-14.097	3.0242e6)
(262.89	-3.81	-14.097	2.9653e6)
(270.51	-3.81	-14.097	2.8979e6)
(278.13	-3.81	-14.097	2.8611e6)
(285.75	-3.81	-14.097	2.8447e6)
(293.37	-3.81	-14.097	2.8329e6)
(300.99	-3.81	-14.097	2.8129e6)
(308.61	-3.81	-14.097	2.7754e6)
(316.23	-3.81	-14.097	2.7526e6)
(323.85	-3.81	-14.097	2.717e6)
(331.47	-3.81	-14.097	2.6732e6)
(339.09	-3.81	-14.097	2.6357e6)
(346.71	-3.81	-14.097	2.5791e6)
(354.33	-3.81	-14.097	2.5313e6)
(361.95	-3.81	-14.097	2.4985e6)
(369.57	-3.81	-14.097	2.4671e6)
(377.19	-3.81	-14.097	2.415e6)
(384.81	-3.81	-14.097	2.3668e6)
(392.43	-3.81	-14.097	2.2964e6)
(400.05	-3.81	-14.097	2.2263e6)
(407.67	-3.81	-14.097	2.1743e6)
(415.29	-3.81	-14.097	2.1535e6)
(422.91	-3.81	-14.097	2.1359e6)
(430.53	-3.81	-14.097	2.0875e6)
(438.15	-3.81	-14.097	2.0231e6)
(445.77	-3.81	-14.097	1.9603e6)
(453.39	-3.81	-14.097	1.9404e6)
(461.01	-3.81	-14.097	1.9139e6)
(468.63	-3.81	-14.097	1.8861e6)
(476.25	-3.81	-14.097	1.8649e6)
(483.87	-3.81	-14.097	1.8391e6)
(491.49	-3.81	-14.097	1.8112e6)
(499.11	-3.81	-14.097	1.7794e6)
(506.73	-3.81	-14.097	1.7437e6)
(514.35	-3.81	-14.097	1.725e6)
(521.97	-3.81	-14.097	1.7064e6)
(529.59	-3.81	-14.097	1.6885e6)
(537.21	-3.81	-14.097	1.6704e6)
(544.83	-3.81	-14.097	1.6529e6)
(552.45	-3.81	-14.097	1.6369e6)
(560.07	-3.81	-14.097	1.6238e6)
(567.69	-3.81	-14.097	1.6092e6)
(575.31	-3.81	-14.097	1.5568e6)
(582.93	-3.81	-14.097	1.5018e6)
(590.55	-3.81	-14.097	1.4589e6)
(598.17	-3.81	-14.097	1.4331e6)
(605.79	-3.81	-14.097	1.4055e6)
(613.41	-3.81	-14.097	1.3762e6)
(621.03	-3.81	-14.097	1.3188e6)
(628.65	-3.81	-14.097	1.2776e6)
(636.27	-3.81	-14.097	1.2518e6)
(643.89	-3.81	-14.097	1.2248e6)
(651.51	-3.81	-14.097	1.2003e6)
(659.13	-3.81	-14.097	1.1691e6)
(666.75	-3.81	-14.097	1.1356e6)
(674.37	-3.81	-14.097	1.0992e6)
(681.99	-3.81	-14.097	1.0185e6)
(689.61	-3.81	-14.097	0.98721e6)
(697.23	-3.81	-14.097	0.95929e6)
(704.85	-3.81	-14.097	0.92567e6)
(712.47	-3.81	-14.097	0.88949e6)
(720.09	-3.81	-14.097	0.85051e6)
(727.71	-3.81	-14.097	0.82133e6)
(735.33	-3.81	-14.097	0.79103e6)
(742.95	-3.81	-14.097	0.75582e6)
(750.57	-3.81	-14.097	0.71493e6)
(758.19	-3.81	-14.097	0.67323e6)
(3.81	-3.81	-14.859	4.7356e6)
(11.43	-3.81	-14.859	4.6824e6)
(19.05	-3.81	-14.859	4.6439e6)
(26.67	-3.81	-14.859	4.5985e6)
(34.29	-3.81	-14.859	4.5524e6)
(41.91	-3.81	-14.859	4.5202e6)
(49.53	-3.81	-14.859	4.4817e6)
(57.15	-3.81	-14.859	4.4531e6)
(64.77	-3.81	-14.859	4.3382e6)
(72.39	-3.81	-14.859	4.2202e6)
(80.01	-3.81	-14.859	4.1125e6)
(87.63	-3.81	-14.859	4.0836e6)
(95.25	-3.81	-14.859	4.056e6)
(102.87	-3.81	-14.859	4.033e6)
(110.49	-3.81	-14.859	3.9621e6)
(118.11	-3.81	-14.859	3.8659e6)
(125.73	-3.81	-14.859	3.7814e6)
(133.35	-3.81	-14.859	3.7193e6)
(140.97	-3.81	-14.859	3.6943e6)
(148.59	-3.81	-14.859	3.6683e6)
(156.21	-3.81	-14.859	3.6337e6)
(163.83	-3.81	-14.859	3.5991e6)
(171.45	-3.81	-14.859	3.5704e6)
(179.07	-3.81	-14.859	3.5389e6)
(186.69	-3.81	-14.859	3.507e6)
(194.31	-3.81	-14.859	3.4596e6)
(201.93	-3.81	-14.859	3.395e6)
(209.55	-3.81	-14.859	3.342e6)
(217.17	-3.81	-14.859	3.2786e6)
(224.79	-3.81	-14.859	3.2334e6)
(232.41	-3.81	-14.859	3.1821e6)
(240.03	-3.81	-14.859	3.1402e6)
(247.65	-3.81	-14.859	3.0973e6)
(255.27	-3.81	-14.859	3.0244e6)
(262.89	-3.81	-14.859	2.9647e6)
(270.51	-3.81	-14.859	2.9049e6)
(278.13	-3.81	-14.859	2.8614e6)
(285.75	-3.81	-14.859	2.8447e6)
(293.37	-3.81	-14.859	2.833e6)
(300.99	-3.81	-14.859	2.8129e6)
(308.61	-3.81	-14.859	2.7754e6)
(316.23	-3.81	-14.859	2.7525e6)
(323.85	-3.81	-14.859	2.717e6)
(331.47	-3.81	-14.859	2.6735e6)
(339.09	-3.81	-14.859	2.6359e6)
(346.71	-3.81	-14.859	2.5791e6)
(354.33	-3.81	-14.859	2.5313e6)
(361.95	-3.81	-14.859	2.4973e6)
(369.57	-3.81	-14.859	2.4668e6)
(377.19	-3.81	-14.859	2.4151e6)
(384.81	-3.81	-14.859	2.3666e6)
(392.43	-3.81	-14.859	2.2964e6)
(400.05	-3.81	-14.859	2.2263e6)
(407.67	-3.81	-14.859	2.1744e6)
(415.29	-3.81	-14.859	2.1536e6)
(422.91	-3.81	-14.859	2.1351e6)
(430.53	-3.81	-14.859	2.0872e6)
(438.15	-3.81	-14.859	2.0233e6)
(445.77	-3.81	-14.859	1.958e6)
(453.39	-3.81	-14.859	1.9404e6)
(461.01	-3.81	-14.859	1.9133e6)
(468.63	-3.81	-14.859	1.886e6)
(476.25	-3.81	-14.859	1.8648e6)
(483.87	-3.81	-14.859	1.8392e6)
(491.49	-3.81	-14.859	1.8112e6)
(499.11	-3.81	-14.859	1.7791e6)
(506.73	-3.81	-14.859	1.7437e6)
(514.35	-3.81	-14.859	1.7249e6)
(521.97	-3.81	-14.859	1.7064e6)
(529.59	-3.81	-14.859	1.6885e6)
(537.21	-3.81	-14.859	1.6704e6)
(544.83	-3.81	-14.859	1.6528e6)
(552.45	-3.81	-14.859	1.6369e6)
(560.07	-3.81	-14.859	1.6238e6)
(567.69	-3.81	-14.859	1.6092e6)
(575.31	-3.81	-14.859	1.5566e6)
(582.93	-3.81	-14.859	1.5014e6)
(590.55	-3.81	-14.859	1.4583e6)
(598.17	-3.81	-14.859	1.4336e6)
(605.79	-3.81	-14.859	1.4055e6)
(613.41	-3.81	-14.859	1.3763e6)
(621.03	-3.81	-14.859	1.3191e6)
(628.65	-3.81	-14.859	1.2776e6)
(636.27	-3.81	-14.859	1.2518e6)
(643.89	-3.81	-14.859	1.2249e6)
(651.51	-3.81	-14.859	1.2003e6)
(659.13	-3.81	-14.859	1.169e6)
(666.75	-3.81	-14.859	1.1352e6)
(674.37	-3.81	-14.859	1.0982e6)
(681.99	-3.81	-14.859	1.0193e6)
(689.61	-3.81	-14.859	0.98783e6)
(697.23	-3.81	-14.859	0.95772e6)
(704.85	-3.81	-14.859	0.92285e6)
(712.47	-3.81	-14.859	0.8883e6)
(720.09	-3.81	-14.859	0.85236e6)
(727.71	-3.81	-14.859	0.82283e6)
(735.33	-3.81	-14.859	0.79036e6)
(742.95	-3.81	-14.859	0.75252e6)
(750.57	-3.81	-14.859	0.71737e6)
(758.19	-3.81	-14.859	0.67496e6)
