(3.81	-3.81	-0.381	0.00044397)
(11.43	-3.81	-0.381	0)
(19.05	-3.81	-0.381	0)
(26.67	-3.81	-0.381	0)
(34.29	-3.81	-0.381	0)
(41.91	-3.81	-0.381	0)
(49.53	-3.81	-0.381	0)
(57.15	-3.81	-0.381	0)
(64.77	-3.81	-0.381	0)
(72.39	-3.81	-0.381	0)
(80.01	-3.81	-0.381	0)
(87.63	-3.81	-0.381	0)
(95.25	-3.81	-0.381	0)
(102.87	-3.81	-0.381	0)
(110.49	-3.81	-0.381	0)
(118.11	-3.81	-0.381	0)
(125.73	-3.81	-0.381	0)
(133.35	-3.81	-0.381	0)
(140.97	-3.81	-0.381	0)
(148.59	-3.81	-0.381	0)
(156.21	-3.81	-0.381	0)
(163.83	-3.81	-0.381	0)
(171.45	-3.81	-0.381	0)
(179.07	-3.81	-0.381	0)
(186.69	-3.81	-0.381	0)
(194.31	-3.81	-0.381	0)
(201.93	-3.81	-0.381	0)
(209.55	-3.81	-0.381	0)
(217.17	-3.81	-0.381	0)
(224.79	-3.81	-0.381	0)
(232.41	-3.81	-0.381	0)
(240.03	-3.81	-0.381	0)
(247.65	-3.81	-0.381	0)
(255.27	-3.81	-0.381	0)
(262.89	-3.81	-0.381	0)
(270.51	-3.81	-0.381	0)
(278.13	-3.81	-0.381	0)
(285.75	-3.81	-0.381	0)
(293.37	-3.81	-0.381	0)
(300.99	-3.81	-0.381	0)
(308.61	-3.81	-0.381	0)
(316.23	-3.81	-0.381	0)
(323.85	-3.81	-0.381	0)
(331.47	-3.81	-0.381	0)
(339.09	-3.81	-0.381	0)
(346.71	-3.81	-0.381	0)
(354.33	-3.81	-0.381	0)
(361.95	-3.81	-0.381	0)
(369.57	-3.81	-0.381	0)
(377.19	-3.81	-0.381	0)
(384.81	-3.81	-0.381	0)
(392.43	-3.81	-0.381	0)
(400.05	-3.81	-0.381	0)
(407.67	-3.81	-0.381	0)
(415.29	-3.81	-0.381	0)
(422.91	-3.81	-0.381	0)
(430.53	-3.81	-0.381	0)
(438.15	-3.81	-0.381	0)
(445.77	-3.81	-0.381	0)
(453.39	-3.81	-0.381	0)
(461.01	-3.81	-0.381	0)
(468.63	-3.81	-0.381	0)
(476.25	-3.81	-0.381	0)
(483.87	-3.81	-0.381	0)
(491.49	-3.81	-0.381	0)
(499.11	-3.81	-0.381	0)
(506.73	-3.81	-0.381	0)
(514.35	-3.81	-0.381	0)
(521.97	-3.81	-0.381	0)
(529.59	-3.81	-0.381	0)
(537.21	-3.81	-0.381	0)
(544.83	-3.81	-0.381	0)
(552.45	-3.81	-0.381	0)
(560.07	-3.81	-0.381	0)
(567.69	-3.81	-0.381	0)
(575.31	-3.81	-0.381	0)
(582.93	-3.81	-0.381	0)
(590.55	-3.81	-0.381	0)
(598.17	-3.81	-0.381	0)
(605.79	-3.81	-0.381	0)
(613.41	-3.81	-0.381	0)
(621.03	-3.81	-0.381	0)
(628.65	-3.81	-0.381	0)
(636.27	-3.81	-0.381	0)
(643.89	-3.81	-0.381	0)
(651.51	-3.81	-0.381	0)
(659.13	-3.81	-0.381	0)
(666.75	-3.81	-0.381	0)
(674.37	-3.81	-0.381	0)
(681.99	-3.81	-0.381	0)
(689.61	-3.81	-0.381	0)
(697.23	-3.81	-0.381	0)
(704.85	-3.81	-0.381	0)
(712.47	-3.81	-0.381	0)
(720.09	-3.81	-0.381	0)
(727.71	-3.81	-0.381	0)
(735.33	-3.81	-0.381	0)
(742.95	-3.81	-0.381	0)
(750.57	-3.81	-0.381	0)
(758.19	-3.81	-0.381	0)
(3.81	-3.81	-1.143	3.5308e-05)
(11.43	-3.81	-1.143	0)
(19.05	-3.81	-1.143	0)
(26.67	-3.81	-1.143	0)
(34.29	-3.81	-1.143	0)
(41.91	-3.81	-1.143	0)
(49.53	-3.81	-1.143	0)
(57.15	-3.81	-1.143	0)
(64.77	-3.81	-1.143	0)
(72.39	-3.81	-1.143	0)
(80.01	-3.81	-1.143	0)
(87.63	-3.81	-1.143	0)
(95.25	-3.81	-1.143	0)
(102.87	-3.81	-1.143	0)
(110.49	-3.81	-1.143	0)
(118.11	-3.81	-1.143	0)
(125.73	-3.81	-1.143	0)
(133.35	-3.81	-1.143	0)
(140.97	-3.81	-1.143	0)
(148.59	-3.81	-1.143	0)
(156.21	-3.81	-1.143	0)
(163.83	-3.81	-1.143	0)
(171.45	-3.81	-1.143	0)
(179.07	-3.81	-1.143	0)
(186.69	-3.81	-1.143	0)
(194.31	-3.81	-1.143	0)
(201.93	-3.81	-1.143	0)
(209.55	-3.81	-1.143	0)
(217.17	-3.81	-1.143	0)
(224.79	-3.81	-1.143	0)
(232.41	-3.81	-1.143	0)
(240.03	-3.81	-1.143	0)
(247.65	-3.81	-1.143	0)
(255.27	-3.81	-1.143	0)
(262.89	-3.81	-1.143	0)
(270.51	-3.81	-1.143	0)
(278.13	-3.81	-1.143	0)
(285.75	-3.81	-1.143	0)
(293.37	-3.81	-1.143	0)
(300.99	-3.81	-1.143	0)
(308.61	-3.81	-1.143	0)
(316.23	-3.81	-1.143	0)
(323.85	-3.81	-1.143	0)
(331.47	-3.81	-1.143	0)
(339.09	-3.81	-1.143	0)
(346.71	-3.81	-1.143	0)
(354.33	-3.81	-1.143	0)
(361.95	-3.81	-1.143	0)
(369.57	-3.81	-1.143	0)
(377.19	-3.81	-1.143	0)
(384.81	-3.81	-1.143	0)
(392.43	-3.81	-1.143	0)
(400.05	-3.81	-1.143	0)
(407.67	-3.81	-1.143	0)
(415.29	-3.81	-1.143	0)
(422.91	-3.81	-1.143	0)
(430.53	-3.81	-1.143	0)
(438.15	-3.81	-1.143	0)
(445.77	-3.81	-1.143	0)
(453.39	-3.81	-1.143	0)
(461.01	-3.81	-1.143	0)
(468.63	-3.81	-1.143	0)
(476.25	-3.81	-1.143	0)
(483.87	-3.81	-1.143	0)
(491.49	-3.81	-1.143	0)
(499.11	-3.81	-1.143	0)
(506.73	-3.81	-1.143	0)
(514.35	-3.81	-1.143	0)
(521.97	-3.81	-1.143	0)
(529.59	-3.81	-1.143	0)
(537.21	-3.81	-1.143	0)
(544.83	-3.81	-1.143	0)
(552.45	-3.81	-1.143	0)
(560.07	-3.81	-1.143	0)
(567.69	-3.81	-1.143	0)
(575.31	-3.81	-1.143	0)
(582.93	-3.81	-1.143	0)
(590.55	-3.81	-1.143	0)
(598.17	-3.81	-1.143	0)
(605.79	-3.81	-1.143	0)
(613.41	-3.81	-1.143	0)
(621.03	-3.81	-1.143	0)
(628.65	-3.81	-1.143	0)
(636.27	-3.81	-1.143	0)
(643.89	-3.81	-1.143	0)
(651.51	-3.81	-1.143	0)
(659.13	-3.81	-1.143	0)
(666.75	-3.81	-1.143	0)
(674.37	-3.81	-1.143	0)
(681.99	-3.81	-1.143	0)
(689.61	-3.81	-1.143	0)
(697.23	-3.81	-1.143	0)
(704.85	-3.81	-1.143	0)
(712.47	-3.81	-1.143	0)
(720.09	-3.81	-1.143	0)
(727.71	-3.81	-1.143	0)
(735.33	-3.81	-1.143	0)
(742.95	-3.81	-1.143	0)
(750.57	-3.81	-1.143	0)
(758.19	-3.81	-1.143	0)
(3.81	-3.81	-1.905	6.3356e-05)
(11.43	-3.81	-1.905	0)
(19.05	-3.81	-1.905	0)
(26.67	-3.81	-1.905	0)
(34.29	-3.81	-1.905	0)
(41.91	-3.81	-1.905	0)
(49.53	-3.81	-1.905	0)
(57.15	-3.81	-1.905	0)
(64.77	-3.81	-1.905	0)
(72.39	-3.81	-1.905	0)
(80.01	-3.81	-1.905	0)
(87.63	-3.81	-1.905	0)
(95.25	-3.81	-1.905	0)
(102.87	-3.81	-1.905	0)
(110.49	-3.81	-1.905	0)
(118.11	-3.81	-1.905	0)
(125.73	-3.81	-1.905	0)
(133.35	-3.81	-1.905	0)
(140.97	-3.81	-1.905	0)
(148.59	-3.81	-1.905	0)
(156.21	-3.81	-1.905	0)
(163.83	-3.81	-1.905	0)
(171.45	-3.81	-1.905	0)
(179.07	-3.81	-1.905	0)
(186.69	-3.81	-1.905	0)
(194.31	-3.81	-1.905	0)
(201.93	-3.81	-1.905	0)
(209.55	-3.81	-1.905	0)
(217.17	-3.81	-1.905	0)
(224.79	-3.81	-1.905	0)
(232.41	-3.81	-1.905	0)
(240.03	-3.81	-1.905	0)
(247.65	-3.81	-1.905	0)
(255.27	-3.81	-1.905	0)
(262.89	-3.81	-1.905	0)
(270.51	-3.81	-1.905	0)
(278.13	-3.81	-1.905	0)
(285.75	-3.81	-1.905	0)
(293.37	-3.81	-1.905	0)
(300.99	-3.81	-1.905	0)
(308.61	-3.81	-1.905	0)
(316.23	-3.81	-1.905	0)
(323.85	-3.81	-1.905	0)
(331.47	-3.81	-1.905	0)
(339.09	-3.81	-1.905	0)
(346.71	-3.81	-1.905	0)
(354.33	-3.81	-1.905	0)
(361.95	-3.81	-1.905	0)
(369.57	-3.81	-1.905	0)
(377.19	-3.81	-1.905	0)
(384.81	-3.81	-1.905	0)
(392.43	-3.81	-1.905	0)
(400.05	-3.81	-1.905	0)
(407.67	-3.81	-1.905	0)
(415.29	-3.81	-1.905	0)
(422.91	-3.81	-1.905	0)
(430.53	-3.81	-1.905	0)
(438.15	-3.81	-1.905	0)
(445.77	-3.81	-1.905	0)
(453.39	-3.81	-1.905	0)
(461.01	-3.81	-1.905	0)
(468.63	-3.81	-1.905	0)
(476.25	-3.81	-1.905	0)
(483.87	-3.81	-1.905	0)
(491.49	-3.81	-1.905	0)
(499.11	-3.81	-1.905	0)
(506.73	-3.81	-1.905	0)
(514.35	-3.81	-1.905	0)
(521.97	-3.81	-1.905	0)
(529.59	-3.81	-1.905	0)
(537.21	-3.81	-1.905	0)
(544.83	-3.81	-1.905	0)
(552.45	-3.81	-1.905	0)
(560.07	-3.81	-1.905	0)
(567.69	-3.81	-1.905	0)
(575.31	-3.81	-1.905	0)
(582.93	-3.81	-1.905	0)
(590.55	-3.81	-1.905	0)
(598.17	-3.81	-1.905	0)
(605.79	-3.81	-1.905	0)
(613.41	-3.81	-1.905	0)
(621.03	-3.81	-1.905	0)
(628.65	-3.81	-1.905	0)
(636.27	-3.81	-1.905	0)
(643.89	-3.81	-1.905	0)
(651.51	-3.81	-1.905	0)
(659.13	-3.81	-1.905	0)
(666.75	-3.81	-1.905	0)
(674.37	-3.81	-1.905	0)
(681.99	-3.81	-1.905	0)
(689.61	-3.81	-1.905	0)
(697.23	-3.81	-1.905	0)
(704.85	-3.81	-1.905	0)
(712.47	-3.81	-1.905	0)
(720.09	-3.81	-1.905	0)
(727.71	-3.81	-1.905	0)
(735.33	-3.81	-1.905	0)
(742.95	-3.81	-1.905	0)
(750.57	-3.81	-1.905	0)
(758.19	-3.81	-1.905	0)
(3.81	-3.81	-2.667	0.0034285)
(11.43	-3.81	-2.667	0)
(19.05	-3.81	-2.667	0)
(26.67	-3.81	-2.667	0)
(34.29	-3.81	-2.667	0)
(41.91	-3.81	-2.667	0)
(49.53	-3.81	-2.667	0)
(57.15	-3.81	-2.667	0)
(64.77	-3.81	-2.667	0)
(72.39	-3.81	-2.667	0)
(80.01	-3.81	-2.667	0)
(87.63	-3.81	-2.667	0)
(95.25	-3.81	-2.667	0)
(102.87	-3.81	-2.667	0)
(110.49	-3.81	-2.667	0)
(118.11	-3.81	-2.667	0)
(125.73	-3.81	-2.667	0)
(133.35	-3.81	-2.667	0)
(140.97	-3.81	-2.667	0)
(148.59	-3.81	-2.667	0)
(156.21	-3.81	-2.667	0)
(163.83	-3.81	-2.667	0)
(171.45	-3.81	-2.667	0)
(179.07	-3.81	-2.667	0)
(186.69	-3.81	-2.667	0)
(194.31	-3.81	-2.667	0)
(201.93	-3.81	-2.667	0)
(209.55	-3.81	-2.667	0)
(217.17	-3.81	-2.667	0)
(224.79	-3.81	-2.667	0)
(232.41	-3.81	-2.667	0)
(240.03	-3.81	-2.667	0)
(247.65	-3.81	-2.667	0)
(255.27	-3.81	-2.667	0)
(262.89	-3.81	-2.667	0)
(270.51	-3.81	-2.667	0)
(278.13	-3.81	-2.667	0)
(285.75	-3.81	-2.667	0)
(293.37	-3.81	-2.667	0)
(300.99	-3.81	-2.667	0)
(308.61	-3.81	-2.667	0)
(316.23	-3.81	-2.667	0)
(323.85	-3.81	-2.667	0)
(331.47	-3.81	-2.667	0)
(339.09	-3.81	-2.667	0)
(346.71	-3.81	-2.667	0)
(354.33	-3.81	-2.667	0)
(361.95	-3.81	-2.667	0)
(369.57	-3.81	-2.667	0)
(377.19	-3.81	-2.667	0)
(384.81	-3.81	-2.667	0)
(392.43	-3.81	-2.667	0)
(400.05	-3.81	-2.667	0)
(407.67	-3.81	-2.667	0)
(415.29	-3.81	-2.667	0)
(422.91	-3.81	-2.667	0)
(430.53	-3.81	-2.667	0)
(438.15	-3.81	-2.667	0)
(445.77	-3.81	-2.667	0)
(453.39	-3.81	-2.667	0)
(461.01	-3.81	-2.667	0)
(468.63	-3.81	-2.667	0)
(476.25	-3.81	-2.667	0)
(483.87	-3.81	-2.667	0)
(491.49	-3.81	-2.667	0)
(499.11	-3.81	-2.667	0)
(506.73	-3.81	-2.667	0)
(514.35	-3.81	-2.667	0)
(521.97	-3.81	-2.667	0)
(529.59	-3.81	-2.667	0)
(537.21	-3.81	-2.667	0)
(544.83	-3.81	-2.667	0)
(552.45	-3.81	-2.667	0)
(560.07	-3.81	-2.667	0)
(567.69	-3.81	-2.667	0)
(575.31	-3.81	-2.667	0)
(582.93	-3.81	-2.667	0)
(590.55	-3.81	-2.667	0)
(598.17	-3.81	-2.667	0)
(605.79	-3.81	-2.667	0)
(613.41	-3.81	-2.667	0)
(621.03	-3.81	-2.667	0)
(628.65	-3.81	-2.667	0)
(636.27	-3.81	-2.667	0)
(643.89	-3.81	-2.667	0)
(651.51	-3.81	-2.667	0)
(659.13	-3.81	-2.667	0)
(666.75	-3.81	-2.667	0)
(674.37	-3.81	-2.667	0)
(681.99	-3.81	-2.667	0)
(689.61	-3.81	-2.667	0)
(697.23	-3.81	-2.667	0)
(704.85	-3.81	-2.667	0)
(712.47	-3.81	-2.667	0)
(720.09	-3.81	-2.667	0)
(727.71	-3.81	-2.667	0)
(735.33	-3.81	-2.667	0)
(742.95	-3.81	-2.667	0)
(750.57	-3.81	-2.667	0)
(758.19	-3.81	-2.667	0)
(3.81	-3.81	-3.429	0.00017466)
(11.43	-3.81	-3.429	0)
(19.05	-3.81	-3.429	0)
(26.67	-3.81	-3.429	0)
(34.29	-3.81	-3.429	0)
(41.91	-3.81	-3.429	0)
(49.53	-3.81	-3.429	0)
(57.15	-3.81	-3.429	0)
(64.77	-3.81	-3.429	0)
(72.39	-3.81	-3.429	0)
(80.01	-3.81	-3.429	0)
(87.63	-3.81	-3.429	0)
(95.25	-3.81	-3.429	0)
(102.87	-3.81	-3.429	0)
(110.49	-3.81	-3.429	0)
(118.11	-3.81	-3.429	0)
(125.73	-3.81	-3.429	0)
(133.35	-3.81	-3.429	0)
(140.97	-3.81	-3.429	0)
(148.59	-3.81	-3.429	0)
(156.21	-3.81	-3.429	0)
(163.83	-3.81	-3.429	0)
(171.45	-3.81	-3.429	0)
(179.07	-3.81	-3.429	0)
(186.69	-3.81	-3.429	0)
(194.31	-3.81	-3.429	0)
(201.93	-3.81	-3.429	0)
(209.55	-3.81	-3.429	0)
(217.17	-3.81	-3.429	0)
(224.79	-3.81	-3.429	0)
(232.41	-3.81	-3.429	0)
(240.03	-3.81	-3.429	0)
(247.65	-3.81	-3.429	0)
(255.27	-3.81	-3.429	0)
(262.89	-3.81	-3.429	0)
(270.51	-3.81	-3.429	0)
(278.13	-3.81	-3.429	0)
(285.75	-3.81	-3.429	0)
(293.37	-3.81	-3.429	0)
(300.99	-3.81	-3.429	0)
(308.61	-3.81	-3.429	0)
(316.23	-3.81	-3.429	0)
(323.85	-3.81	-3.429	0)
(331.47	-3.81	-3.429	0)
(339.09	-3.81	-3.429	0)
(346.71	-3.81	-3.429	0)
(354.33	-3.81	-3.429	0)
(361.95	-3.81	-3.429	0)
(369.57	-3.81	-3.429	0)
(377.19	-3.81	-3.429	0)
(384.81	-3.81	-3.429	0)
(392.43	-3.81	-3.429	0)
(400.05	-3.81	-3.429	0)
(407.67	-3.81	-3.429	0)
(415.29	-3.81	-3.429	0)
(422.91	-3.81	-3.429	0)
(430.53	-3.81	-3.429	0)
(438.15	-3.81	-3.429	0)
(445.77	-3.81	-3.429	0)
(453.39	-3.81	-3.429	0)
(461.01	-3.81	-3.429	0)
(468.63	-3.81	-3.429	0)
(476.25	-3.81	-3.429	0)
(483.87	-3.81	-3.429	0)
(491.49	-3.81	-3.429	0)
(499.11	-3.81	-3.429	0)
(506.73	-3.81	-3.429	0)
(514.35	-3.81	-3.429	0)
(521.97	-3.81	-3.429	0)
(529.59	-3.81	-3.429	0)
(537.21	-3.81	-3.429	0)
(544.83	-3.81	-3.429	0)
(552.45	-3.81	-3.429	0)
(560.07	-3.81	-3.429	0)
(567.69	-3.81	-3.429	0)
(575.31	-3.81	-3.429	0)
(582.93	-3.81	-3.429	0)
(590.55	-3.81	-3.429	0)
(598.17	-3.81	-3.429	0)
(605.79	-3.81	-3.429	0)
(613.41	-3.81	-3.429	0)
(621.03	-3.81	-3.429	0)
(628.65	-3.81	-3.429	0)
(636.27	-3.81	-3.429	0)
(643.89	-3.81	-3.429	0)
(651.51	-3.81	-3.429	0)
(659.13	-3.81	-3.429	0)
(666.75	-3.81	-3.429	0)
(674.37	-3.81	-3.429	0)
(681.99	-3.81	-3.429	0)
(689.61	-3.81	-3.429	0)
(697.23	-3.81	-3.429	0)
(704.85	-3.81	-3.429	0)
(712.47	-3.81	-3.429	0)
(720.09	-3.81	-3.429	0)
(727.71	-3.81	-3.429	0)
(735.33	-3.81	-3.429	0)
(742.95	-3.81	-3.429	0)
(750.57	-3.81	-3.429	0)
(758.19	-3.81	-3.429	0)
(3.81	-3.81	-4.191	0.0026093)
(11.43	-3.81	-4.191	0)
(19.05	-3.81	-4.191	0)
(26.67	-3.81	-4.191	0)
(34.29	-3.81	-4.191	0)
(41.91	-3.81	-4.191	0)
(49.53	-3.81	-4.191	0)
(57.15	-3.81	-4.191	0)
(64.77	-3.81	-4.191	0)
(72.39	-3.81	-4.191	0)
(80.01	-3.81	-4.191	0)
(87.63	-3.81	-4.191	0)
(95.25	-3.81	-4.191	0)
(102.87	-3.81	-4.191	0)
(110.49	-3.81	-4.191	0)
(118.11	-3.81	-4.191	0)
(125.73	-3.81	-4.191	0)
(133.35	-3.81	-4.191	0)
(140.97	-3.81	-4.191	0)
(148.59	-3.81	-4.191	0)
(156.21	-3.81	-4.191	0)
(163.83	-3.81	-4.191	0)
(171.45	-3.81	-4.191	0)
(179.07	-3.81	-4.191	0)
(186.69	-3.81	-4.191	0)
(194.31	-3.81	-4.191	0)
(201.93	-3.81	-4.191	0)
(209.55	-3.81	-4.191	0)
(217.17	-3.81	-4.191	0)
(224.79	-3.81	-4.191	0)
(232.41	-3.81	-4.191	0)
(240.03	-3.81	-4.191	0)
(247.65	-3.81	-4.191	0)
(255.27	-3.81	-4.191	0)
(262.89	-3.81	-4.191	0)
(270.51	-3.81	-4.191	0)
(278.13	-3.81	-4.191	0)
(285.75	-3.81	-4.191	0)
(293.37	-3.81	-4.191	0)
(300.99	-3.81	-4.191	0)
(308.61	-3.81	-4.191	0)
(316.23	-3.81	-4.191	0)
(323.85	-3.81	-4.191	0)
(331.47	-3.81	-4.191	0)
(339.09	-3.81	-4.191	0)
(346.71	-3.81	-4.191	0)
(354.33	-3.81	-4.191	0)
(361.95	-3.81	-4.191	0)
(369.57	-3.81	-4.191	0)
(377.19	-3.81	-4.191	0)
(384.81	-3.81	-4.191	0)
(392.43	-3.81	-4.191	0)
(400.05	-3.81	-4.191	0)
(407.67	-3.81	-4.191	0)
(415.29	-3.81	-4.191	0)
(422.91	-3.81	-4.191	0)
(430.53	-3.81	-4.191	0)
(438.15	-3.81	-4.191	0)
(445.77	-3.81	-4.191	0)
(453.39	-3.81	-4.191	0)
(461.01	-3.81	-4.191	0)
(468.63	-3.81	-4.191	0)
(476.25	-3.81	-4.191	0)
(483.87	-3.81	-4.191	0)
(491.49	-3.81	-4.191	0)
(499.11	-3.81	-4.191	0)
(506.73	-3.81	-4.191	0)
(514.35	-3.81	-4.191	0)
(521.97	-3.81	-4.191	0)
(529.59	-3.81	-4.191	0)
(537.21	-3.81	-4.191	0)
(544.83	-3.81	-4.191	0)
(552.45	-3.81	-4.191	0)
(560.07	-3.81	-4.191	0)
(567.69	-3.81	-4.191	0)
(575.31	-3.81	-4.191	0)
(582.93	-3.81	-4.191	0)
(590.55	-3.81	-4.191	0)
(598.17	-3.81	-4.191	0)
(605.79	-3.81	-4.191	0)
(613.41	-3.81	-4.191	0)
(621.03	-3.81	-4.191	0)
(628.65	-3.81	-4.191	0)
(636.27	-3.81	-4.191	0)
(643.89	-3.81	-4.191	0)
(651.51	-3.81	-4.191	0)
(659.13	-3.81	-4.191	0)
(666.75	-3.81	-4.191	0)
(674.37	-3.81	-4.191	0)
(681.99	-3.81	-4.191	0)
(689.61	-3.81	-4.191	0)
(697.23	-3.81	-4.191	0)
(704.85	-3.81	-4.191	0)
(712.47	-3.81	-4.191	0)
(720.09	-3.81	-4.191	0)
(727.71	-3.81	-4.191	0)
(735.33	-3.81	-4.191	0)
(742.95	-3.81	-4.191	0)
(750.57	-3.81	-4.191	0)
(758.19	-3.81	-4.191	0)
(3.81	-3.81	-4.953	0.00024898)
(11.43	-3.81	-4.953	0)
(19.05	-3.81	-4.953	0)
(26.67	-3.81	-4.953	0)
(34.29	-3.81	-4.953	0)
(41.91	-3.81	-4.953	0)
(49.53	-3.81	-4.953	0)
(57.15	-3.81	-4.953	0)
(64.77	-3.81	-4.953	0)
(72.39	-3.81	-4.953	0)
(80.01	-3.81	-4.953	0)
(87.63	-3.81	-4.953	0)
(95.25	-3.81	-4.953	0)
(102.87	-3.81	-4.953	0)
(110.49	-3.81	-4.953	0)
(118.11	-3.81	-4.953	0)
(125.73	-3.81	-4.953	0)
(133.35	-3.81	-4.953	0)
(140.97	-3.81	-4.953	0)
(148.59	-3.81	-4.953	0)
(156.21	-3.81	-4.953	0)
(163.83	-3.81	-4.953	0)
(171.45	-3.81	-4.953	0)
(179.07	-3.81	-4.953	0)
(186.69	-3.81	-4.953	0)
(194.31	-3.81	-4.953	0)
(201.93	-3.81	-4.953	0)
(209.55	-3.81	-4.953	0)
(217.17	-3.81	-4.953	0)
(224.79	-3.81	-4.953	0)
(232.41	-3.81	-4.953	0)
(240.03	-3.81	-4.953	0)
(247.65	-3.81	-4.953	0)
(255.27	-3.81	-4.953	0)
(262.89	-3.81	-4.953	0)
(270.51	-3.81	-4.953	0)
(278.13	-3.81	-4.953	0)
(285.75	-3.81	-4.953	0)
(293.37	-3.81	-4.953	0)
(300.99	-3.81	-4.953	0)
(308.61	-3.81	-4.953	0)
(316.23	-3.81	-4.953	0)
(323.85	-3.81	-4.953	0)
(331.47	-3.81	-4.953	0)
(339.09	-3.81	-4.953	0)
(346.71	-3.81	-4.953	0)
(354.33	-3.81	-4.953	0)
(361.95	-3.81	-4.953	0)
(369.57	-3.81	-4.953	0)
(377.19	-3.81	-4.953	0)
(384.81	-3.81	-4.953	0)
(392.43	-3.81	-4.953	0)
(400.05	-3.81	-4.953	0)
(407.67	-3.81	-4.953	0)
(415.29	-3.81	-4.953	0)
(422.91	-3.81	-4.953	0)
(430.53	-3.81	-4.953	0)
(438.15	-3.81	-4.953	0)
(445.77	-3.81	-4.953	0)
(453.39	-3.81	-4.953	0)
(461.01	-3.81	-4.953	0)
(468.63	-3.81	-4.953	0)
(476.25	-3.81	-4.953	0)
(483.87	-3.81	-4.953	0)
(491.49	-3.81	-4.953	0)
(499.11	-3.81	-4.953	0)
(506.73	-3.81	-4.953	0)
(514.35	-3.81	-4.953	0)
(521.97	-3.81	-4.953	0)
(529.59	-3.81	-4.953	0)
(537.21	-3.81	-4.953	0)
(544.83	-3.81	-4.953	0)
(552.45	-3.81	-4.953	0)
(560.07	-3.81	-4.953	0)
(567.69	-3.81	-4.953	0)
(575.31	-3.81	-4.953	0)
(582.93	-3.81	-4.953	0)
(590.55	-3.81	-4.953	0)
(598.17	-3.81	-4.953	0)
(605.79	-3.81	-4.953	0)
(613.41	-3.81	-4.953	0)
(621.03	-3.81	-4.953	0)
(628.65	-3.81	-4.953	0)
(636.27	-3.81	-4.953	0)
(643.89	-3.81	-4.953	0)
(651.51	-3.81	-4.953	0)
(659.13	-3.81	-4.953	0)
(666.75	-3.81	-4.953	0)
(674.37	-3.81	-4.953	0)
(681.99	-3.81	-4.953	0)
(689.61	-3.81	-4.953	0)
(697.23	-3.81	-4.953	0)
(704.85	-3.81	-4.953	0)
(712.47	-3.81	-4.953	0)
(720.09	-3.81	-4.953	0)
(727.71	-3.81	-4.953	0)
(735.33	-3.81	-4.953	0)
(742.95	-3.81	-4.953	0)
(750.57	-3.81	-4.953	0)
(758.19	-3.81	-4.953	0)
(3.81	-3.81	-5.715	4.0609e-05)
(11.43	-3.81	-5.715	0)
(19.05	-3.81	-5.715	0)
(26.67	-3.81	-5.715	0)
(34.29	-3.81	-5.715	0)
(41.91	-3.81	-5.715	0)
(49.53	-3.81	-5.715	0)
(57.15	-3.81	-5.715	0)
(64.77	-3.81	-5.715	0)
(72.39	-3.81	-5.715	0)
(80.01	-3.81	-5.715	0)
(87.63	-3.81	-5.715	0)
(95.25	-3.81	-5.715	0)
(102.87	-3.81	-5.715	0)
(110.49	-3.81	-5.715	0)
(118.11	-3.81	-5.715	0)
(125.73	-3.81	-5.715	0)
(133.35	-3.81	-5.715	0)
(140.97	-3.81	-5.715	0)
(148.59	-3.81	-5.715	0)
(156.21	-3.81	-5.715	0)
(163.83	-3.81	-5.715	0)
(171.45	-3.81	-5.715	0)
(179.07	-3.81	-5.715	0)
(186.69	-3.81	-5.715	0)
(194.31	-3.81	-5.715	0)
(201.93	-3.81	-5.715	0)
(209.55	-3.81	-5.715	0)
(217.17	-3.81	-5.715	0)
(224.79	-3.81	-5.715	0)
(232.41	-3.81	-5.715	0)
(240.03	-3.81	-5.715	0)
(247.65	-3.81	-5.715	0)
(255.27	-3.81	-5.715	0)
(262.89	-3.81	-5.715	0)
(270.51	-3.81	-5.715	0)
(278.13	-3.81	-5.715	0)
(285.75	-3.81	-5.715	0)
(293.37	-3.81	-5.715	0)
(300.99	-3.81	-5.715	0)
(308.61	-3.81	-5.715	0)
(316.23	-3.81	-5.715	0)
(323.85	-3.81	-5.715	0)
(331.47	-3.81	-5.715	0)
(339.09	-3.81	-5.715	0)
(346.71	-3.81	-5.715	0)
(354.33	-3.81	-5.715	0)
(361.95	-3.81	-5.715	0)
(369.57	-3.81	-5.715	0)
(377.19	-3.81	-5.715	0)
(384.81	-3.81	-5.715	0)
(392.43	-3.81	-5.715	0)
(400.05	-3.81	-5.715	0)
(407.67	-3.81	-5.715	0)
(415.29	-3.81	-5.715	0)
(422.91	-3.81	-5.715	0)
(430.53	-3.81	-5.715	0)
(438.15	-3.81	-5.715	0)
(445.77	-3.81	-5.715	0)
(453.39	-3.81	-5.715	0)
(461.01	-3.81	-5.715	0)
(468.63	-3.81	-5.715	0)
(476.25	-3.81	-5.715	0)
(483.87	-3.81	-5.715	0)
(491.49	-3.81	-5.715	0)
(499.11	-3.81	-5.715	0)
(506.73	-3.81	-5.715	0)
(514.35	-3.81	-5.715	0)
(521.97	-3.81	-5.715	0)
(529.59	-3.81	-5.715	0)
(537.21	-3.81	-5.715	0)
(544.83	-3.81	-5.715	0)
(552.45	-3.81	-5.715	0)
(560.07	-3.81	-5.715	0)
(567.69	-3.81	-5.715	0)
(575.31	-3.81	-5.715	0)
(582.93	-3.81	-5.715	0)
(590.55	-3.81	-5.715	0)
(598.17	-3.81	-5.715	0)
(605.79	-3.81	-5.715	0)
(613.41	-3.81	-5.715	0)
(621.03	-3.81	-5.715	0)
(628.65	-3.81	-5.715	0)
(636.27	-3.81	-5.715	0)
(643.89	-3.81	-5.715	0)
(651.51	-3.81	-5.715	0)
(659.13	-3.81	-5.715	0)
(666.75	-3.81	-5.715	0)
(674.37	-3.81	-5.715	0)
(681.99	-3.81	-5.715	0)
(689.61	-3.81	-5.715	0)
(697.23	-3.81	-5.715	0)
(704.85	-3.81	-5.715	0)
(712.47	-3.81	-5.715	0)
(720.09	-3.81	-5.715	0)
(727.71	-3.81	-5.715	0)
(735.33	-3.81	-5.715	0)
(742.95	-3.81	-5.715	0)
(750.57	-3.81	-5.715	0)
(758.19	-3.81	-5.715	0)
(3.81	-3.81	-6.477	6.218e-06)
(11.43	-3.81	-6.477	0)
(19.05	-3.81	-6.477	0)
(26.67	-3.81	-6.477	0)
(34.29	-3.81	-6.477	0)
(41.91	-3.81	-6.477	0)
(49.53	-3.81	-6.477	0)
(57.15	-3.81	-6.477	0)
(64.77	-3.81	-6.477	0)
(72.39	-3.81	-6.477	0)
(80.01	-3.81	-6.477	0)
(87.63	-3.81	-6.477	0)
(95.25	-3.81	-6.477	0)
(102.87	-3.81	-6.477	0)
(110.49	-3.81	-6.477	0)
(118.11	-3.81	-6.477	0)
(125.73	-3.81	-6.477	0)
(133.35	-3.81	-6.477	0)
(140.97	-3.81	-6.477	0)
(148.59	-3.81	-6.477	0)
(156.21	-3.81	-6.477	0)
(163.83	-3.81	-6.477	0)
(171.45	-3.81	-6.477	0)
(179.07	-3.81	-6.477	0)
(186.69	-3.81	-6.477	0)
(194.31	-3.81	-6.477	0)
(201.93	-3.81	-6.477	0)
(209.55	-3.81	-6.477	0)
(217.17	-3.81	-6.477	0)
(224.79	-3.81	-6.477	0)
(232.41	-3.81	-6.477	0)
(240.03	-3.81	-6.477	0)
(247.65	-3.81	-6.477	0)
(255.27	-3.81	-6.477	0)
(262.89	-3.81	-6.477	0)
(270.51	-3.81	-6.477	0)
(278.13	-3.81	-6.477	0)
(285.75	-3.81	-6.477	0)
(293.37	-3.81	-6.477	0)
(300.99	-3.81	-6.477	0)
(308.61	-3.81	-6.477	0)
(316.23	-3.81	-6.477	0)
(323.85	-3.81	-6.477	0)
(331.47	-3.81	-6.477	0)
(339.09	-3.81	-6.477	0)
(346.71	-3.81	-6.477	0)
(354.33	-3.81	-6.477	0)
(361.95	-3.81	-6.477	0)
(369.57	-3.81	-6.477	0)
(377.19	-3.81	-6.477	0)
(384.81	-3.81	-6.477	0)
(392.43	-3.81	-6.477	0)
(400.05	-3.81	-6.477	0)
(407.67	-3.81	-6.477	0)
(415.29	-3.81	-6.477	0)
(422.91	-3.81	-6.477	0)
(430.53	-3.81	-6.477	0)
(438.15	-3.81	-6.477	0)
(445.77	-3.81	-6.477	0)
(453.39	-3.81	-6.477	0)
(461.01	-3.81	-6.477	0)
(468.63	-3.81	-6.477	0)
(476.25	-3.81	-6.477	0)
(483.87	-3.81	-6.477	0)
(491.49	-3.81	-6.477	0)
(499.11	-3.81	-6.477	0)
(506.73	-3.81	-6.477	0)
(514.35	-3.81	-6.477	0)
(521.97	-3.81	-6.477	0)
(529.59	-3.81	-6.477	0)
(537.21	-3.81	-6.477	0)
(544.83	-3.81	-6.477	0)
(552.45	-3.81	-6.477	0)
(560.07	-3.81	-6.477	0)
(567.69	-3.81	-6.477	0)
(575.31	-3.81	-6.477	0)
(582.93	-3.81	-6.477	0)
(590.55	-3.81	-6.477	0)
(598.17	-3.81	-6.477	0)
(605.79	-3.81	-6.477	0)
(613.41	-3.81	-6.477	0)
(621.03	-3.81	-6.477	0)
(628.65	-3.81	-6.477	0)
(636.27	-3.81	-6.477	0)
(643.89	-3.81	-6.477	0)
(651.51	-3.81	-6.477	0)
(659.13	-3.81	-6.477	0)
(666.75	-3.81	-6.477	0)
(674.37	-3.81	-6.477	0)
(681.99	-3.81	-6.477	0)
(689.61	-3.81	-6.477	0)
(697.23	-3.81	-6.477	0)
(704.85	-3.81	-6.477	0)
(712.47	-3.81	-6.477	0)
(720.09	-3.81	-6.477	0)
(727.71	-3.81	-6.477	0)
(735.33	-3.81	-6.477	0)
(742.95	-3.81	-6.477	0)
(750.57	-3.81	-6.477	0)
(758.19	-3.81	-6.477	0)
(3.81	-3.81	-7.239	0.00043622)
(11.43	-3.81	-7.239	0)
(19.05	-3.81	-7.239	0)
(26.67	-3.81	-7.239	0)
(34.29	-3.81	-7.239	0)
(41.91	-3.81	-7.239	0)
(49.53	-3.81	-7.239	0)
(57.15	-3.81	-7.239	0)
(64.77	-3.81	-7.239	0)
(72.39	-3.81	-7.239	0)
(80.01	-3.81	-7.239	0)
(87.63	-3.81	-7.239	0)
(95.25	-3.81	-7.239	0)
(102.87	-3.81	-7.239	0)
(110.49	-3.81	-7.239	0)
(118.11	-3.81	-7.239	0)
(125.73	-3.81	-7.239	0)
(133.35	-3.81	-7.239	0)
(140.97	-3.81	-7.239	0)
(148.59	-3.81	-7.239	0)
(156.21	-3.81	-7.239	0)
(163.83	-3.81	-7.239	0)
(171.45	-3.81	-7.239	0)
(179.07	-3.81	-7.239	0)
(186.69	-3.81	-7.239	0)
(194.31	-3.81	-7.239	0)
(201.93	-3.81	-7.239	0)
(209.55	-3.81	-7.239	0)
(217.17	-3.81	-7.239	0)
(224.79	-3.81	-7.239	0)
(232.41	-3.81	-7.239	0)
(240.03	-3.81	-7.239	0)
(247.65	-3.81	-7.239	0)
(255.27	-3.81	-7.239	0)
(262.89	-3.81	-7.239	0)
(270.51	-3.81	-7.239	0)
(278.13	-3.81	-7.239	0)
(285.75	-3.81	-7.239	0)
(293.37	-3.81	-7.239	0)
(300.99	-3.81	-7.239	0)
(308.61	-3.81	-7.239	0)
(316.23	-3.81	-7.239	0)
(323.85	-3.81	-7.239	0)
(331.47	-3.81	-7.239	0)
(339.09	-3.81	-7.239	0)
(346.71	-3.81	-7.239	0)
(354.33	-3.81	-7.239	0)
(361.95	-3.81	-7.239	0)
(369.57	-3.81	-7.239	0)
(377.19	-3.81	-7.239	0)
(384.81	-3.81	-7.239	0)
(392.43	-3.81	-7.239	0)
(400.05	-3.81	-7.239	0)
(407.67	-3.81	-7.239	0)
(415.29	-3.81	-7.239	0)
(422.91	-3.81	-7.239	0)
(430.53	-3.81	-7.239	0)
(438.15	-3.81	-7.239	0)
(445.77	-3.81	-7.239	0)
(453.39	-3.81	-7.239	0)
(461.01	-3.81	-7.239	0)
(468.63	-3.81	-7.239	0)
(476.25	-3.81	-7.239	0)
(483.87	-3.81	-7.239	0)
(491.49	-3.81	-7.239	0)
(499.11	-3.81	-7.239	0)
(506.73	-3.81	-7.239	0)
(514.35	-3.81	-7.239	0)
(521.97	-3.81	-7.239	0)
(529.59	-3.81	-7.239	0)
(537.21	-3.81	-7.239	0)
(544.83	-3.81	-7.239	0)
(552.45	-3.81	-7.239	0)
(560.07	-3.81	-7.239	0)
(567.69	-3.81	-7.239	0)
(575.31	-3.81	-7.239	0)
(582.93	-3.81	-7.239	0)
(590.55	-3.81	-7.239	0)
(598.17	-3.81	-7.239	0)
(605.79	-3.81	-7.239	0)
(613.41	-3.81	-7.239	0)
(621.03	-3.81	-7.239	0)
(628.65	-3.81	-7.239	0)
(636.27	-3.81	-7.239	0)
(643.89	-3.81	-7.239	0)
(651.51	-3.81	-7.239	0)
(659.13	-3.81	-7.239	0)
(666.75	-3.81	-7.239	0)
(674.37	-3.81	-7.239	0)
(681.99	-3.81	-7.239	0)
(689.61	-3.81	-7.239	0)
(697.23	-3.81	-7.239	0)
(704.85	-3.81	-7.239	0)
(712.47	-3.81	-7.239	0)
(720.09	-3.81	-7.239	0)
(727.71	-3.81	-7.239	0)
(735.33	-3.81	-7.239	0)
(742.95	-3.81	-7.239	0)
(750.57	-3.81	-7.239	0)
(758.19	-3.81	-7.239	0)
(3.81	-3.81	-8.001	1.2134e-05)
(11.43	-3.81	-8.001	0)
(19.05	-3.81	-8.001	0)
(26.67	-3.81	-8.001	0)
(34.29	-3.81	-8.001	0)
(41.91	-3.81	-8.001	0)
(49.53	-3.81	-8.001	0)
(57.15	-3.81	-8.001	0)
(64.77	-3.81	-8.001	0)
(72.39	-3.81	-8.001	0)
(80.01	-3.81	-8.001	0)
(87.63	-3.81	-8.001	0)
(95.25	-3.81	-8.001	0)
(102.87	-3.81	-8.001	0)
(110.49	-3.81	-8.001	0)
(118.11	-3.81	-8.001	0)
(125.73	-3.81	-8.001	0)
(133.35	-3.81	-8.001	0)
(140.97	-3.81	-8.001	0)
(148.59	-3.81	-8.001	0)
(156.21	-3.81	-8.001	0)
(163.83	-3.81	-8.001	0)
(171.45	-3.81	-8.001	0)
(179.07	-3.81	-8.001	0)
(186.69	-3.81	-8.001	0)
(194.31	-3.81	-8.001	0)
(201.93	-3.81	-8.001	0)
(209.55	-3.81	-8.001	0)
(217.17	-3.81	-8.001	0)
(224.79	-3.81	-8.001	0)
(232.41	-3.81	-8.001	0)
(240.03	-3.81	-8.001	0)
(247.65	-3.81	-8.001	0)
(255.27	-3.81	-8.001	0)
(262.89	-3.81	-8.001	0)
(270.51	-3.81	-8.001	0)
(278.13	-3.81	-8.001	0)
(285.75	-3.81	-8.001	0)
(293.37	-3.81	-8.001	0)
(300.99	-3.81	-8.001	0)
(308.61	-3.81	-8.001	0)
(316.23	-3.81	-8.001	0)
(323.85	-3.81	-8.001	0)
(331.47	-3.81	-8.001	0)
(339.09	-3.81	-8.001	0)
(346.71	-3.81	-8.001	0)
(354.33	-3.81	-8.001	0)
(361.95	-3.81	-8.001	0)
(369.57	-3.81	-8.001	0)
(377.19	-3.81	-8.001	0)
(384.81	-3.81	-8.001	0)
(392.43	-3.81	-8.001	0)
(400.05	-3.81	-8.001	0)
(407.67	-3.81	-8.001	0)
(415.29	-3.81	-8.001	0)
(422.91	-3.81	-8.001	0)
(430.53	-3.81	-8.001	0)
(438.15	-3.81	-8.001	0)
(445.77	-3.81	-8.001	0)
(453.39	-3.81	-8.001	0)
(461.01	-3.81	-8.001	0)
(468.63	-3.81	-8.001	0)
(476.25	-3.81	-8.001	0)
(483.87	-3.81	-8.001	0)
(491.49	-3.81	-8.001	0)
(499.11	-3.81	-8.001	0)
(506.73	-3.81	-8.001	0)
(514.35	-3.81	-8.001	0)
(521.97	-3.81	-8.001	0)
(529.59	-3.81	-8.001	0)
(537.21	-3.81	-8.001	0)
(544.83	-3.81	-8.001	0)
(552.45	-3.81	-8.001	0)
(560.07	-3.81	-8.001	0)
(567.69	-3.81	-8.001	0)
(575.31	-3.81	-8.001	0)
(582.93	-3.81	-8.001	0)
(590.55	-3.81	-8.001	0)
(598.17	-3.81	-8.001	0)
(605.79	-3.81	-8.001	0)
(613.41	-3.81	-8.001	0)
(621.03	-3.81	-8.001	0)
(628.65	-3.81	-8.001	0)
(636.27	-3.81	-8.001	0)
(643.89	-3.81	-8.001	0)
(651.51	-3.81	-8.001	0)
(659.13	-3.81	-8.001	0)
(666.75	-3.81	-8.001	0)
(674.37	-3.81	-8.001	0)
(681.99	-3.81	-8.001	0)
(689.61	-3.81	-8.001	0)
(697.23	-3.81	-8.001	0)
(704.85	-3.81	-8.001	0)
(712.47	-3.81	-8.001	0)
(720.09	-3.81	-8.001	0)
(727.71	-3.81	-8.001	0)
(735.33	-3.81	-8.001	0)
(742.95	-3.81	-8.001	0)
(750.57	-3.81	-8.001	0)
(758.19	-3.81	-8.001	0)
(3.81	-3.81	-8.763	0.00014996)
(11.43	-3.81	-8.763	0)
(19.05	-3.81	-8.763	0)
(26.67	-3.81	-8.763	0)
(34.29	-3.81	-8.763	0)
(41.91	-3.81	-8.763	0)
(49.53	-3.81	-8.763	0)
(57.15	-3.81	-8.763	0)
(64.77	-3.81	-8.763	0)
(72.39	-3.81	-8.763	0)
(80.01	-3.81	-8.763	0)
(87.63	-3.81	-8.763	0)
(95.25	-3.81	-8.763	0)
(102.87	-3.81	-8.763	0)
(110.49	-3.81	-8.763	0)
(118.11	-3.81	-8.763	0)
(125.73	-3.81	-8.763	0)
(133.35	-3.81	-8.763	0)
(140.97	-3.81	-8.763	0)
(148.59	-3.81	-8.763	0)
(156.21	-3.81	-8.763	0)
(163.83	-3.81	-8.763	0)
(171.45	-3.81	-8.763	0)
(179.07	-3.81	-8.763	0)
(186.69	-3.81	-8.763	0)
(194.31	-3.81	-8.763	0)
(201.93	-3.81	-8.763	0)
(209.55	-3.81	-8.763	0)
(217.17	-3.81	-8.763	0)
(224.79	-3.81	-8.763	0)
(232.41	-3.81	-8.763	0)
(240.03	-3.81	-8.763	0)
(247.65	-3.81	-8.763	0)
(255.27	-3.81	-8.763	0)
(262.89	-3.81	-8.763	0)
(270.51	-3.81	-8.763	0)
(278.13	-3.81	-8.763	0)
(285.75	-3.81	-8.763	0)
(293.37	-3.81	-8.763	0)
(300.99	-3.81	-8.763	0)
(308.61	-3.81	-8.763	0)
(316.23	-3.81	-8.763	0)
(323.85	-3.81	-8.763	0)
(331.47	-3.81	-8.763	0)
(339.09	-3.81	-8.763	0)
(346.71	-3.81	-8.763	0)
(354.33	-3.81	-8.763	0)
(361.95	-3.81	-8.763	0)
(369.57	-3.81	-8.763	0)
(377.19	-3.81	-8.763	0)
(384.81	-3.81	-8.763	0)
(392.43	-3.81	-8.763	0)
(400.05	-3.81	-8.763	0)
(407.67	-3.81	-8.763	0)
(415.29	-3.81	-8.763	0)
(422.91	-3.81	-8.763	0)
(430.53	-3.81	-8.763	0)
(438.15	-3.81	-8.763	0)
(445.77	-3.81	-8.763	0)
(453.39	-3.81	-8.763	0)
(461.01	-3.81	-8.763	0)
(468.63	-3.81	-8.763	0)
(476.25	-3.81	-8.763	0)
(483.87	-3.81	-8.763	0)
(491.49	-3.81	-8.763	0)
(499.11	-3.81	-8.763	0)
(506.73	-3.81	-8.763	0)
(514.35	-3.81	-8.763	0)
(521.97	-3.81	-8.763	0)
(529.59	-3.81	-8.763	0)
(537.21	-3.81	-8.763	0)
(544.83	-3.81	-8.763	0)
(552.45	-3.81	-8.763	0)
(560.07	-3.81	-8.763	0)
(567.69	-3.81	-8.763	0)
(575.31	-3.81	-8.763	0)
(582.93	-3.81	-8.763	0)
(590.55	-3.81	-8.763	0)
(598.17	-3.81	-8.763	0)
(605.79	-3.81	-8.763	0)
(613.41	-3.81	-8.763	0)
(621.03	-3.81	-8.763	0)
(628.65	-3.81	-8.763	0)
(636.27	-3.81	-8.763	0)
(643.89	-3.81	-8.763	0)
(651.51	-3.81	-8.763	0)
(659.13	-3.81	-8.763	0)
(666.75	-3.81	-8.763	0)
(674.37	-3.81	-8.763	0)
(681.99	-3.81	-8.763	0)
(689.61	-3.81	-8.763	0)
(697.23	-3.81	-8.763	0)
(704.85	-3.81	-8.763	0)
(712.47	-3.81	-8.763	0)
(720.09	-3.81	-8.763	0)
(727.71	-3.81	-8.763	0)
(735.33	-3.81	-8.763	0)
(742.95	-3.81	-8.763	0)
(750.57	-3.81	-8.763	0)
(758.19	-3.81	-8.763	0)
(3.81	-3.81	-9.525	0.010065)
(11.43	-3.81	-9.525	0)
(19.05	-3.81	-9.525	0)
(26.67	-3.81	-9.525	0)
(34.29	-3.81	-9.525	0)
(41.91	-3.81	-9.525	0)
(49.53	-3.81	-9.525	0)
(57.15	-3.81	-9.525	0)
(64.77	-3.81	-9.525	0)
(72.39	-3.81	-9.525	0)
(80.01	-3.81	-9.525	0)
(87.63	-3.81	-9.525	0)
(95.25	-3.81	-9.525	0)
(102.87	-3.81	-9.525	0)
(110.49	-3.81	-9.525	0)
(118.11	-3.81	-9.525	0)
(125.73	-3.81	-9.525	0)
(133.35	-3.81	-9.525	0)
(140.97	-3.81	-9.525	0)
(148.59	-3.81	-9.525	0)
(156.21	-3.81	-9.525	0)
(163.83	-3.81	-9.525	0)
(171.45	-3.81	-9.525	0)
(179.07	-3.81	-9.525	0)
(186.69	-3.81	-9.525	0)
(194.31	-3.81	-9.525	0)
(201.93	-3.81	-9.525	0)
(209.55	-3.81	-9.525	0)
(217.17	-3.81	-9.525	0)
(224.79	-3.81	-9.525	0)
(232.41	-3.81	-9.525	0)
(240.03	-3.81	-9.525	0)
(247.65	-3.81	-9.525	0)
(255.27	-3.81	-9.525	0)
(262.89	-3.81	-9.525	0)
(270.51	-3.81	-9.525	0)
(278.13	-3.81	-9.525	0)
(285.75	-3.81	-9.525	0)
(293.37	-3.81	-9.525	0)
(300.99	-3.81	-9.525	0)
(308.61	-3.81	-9.525	0)
(316.23	-3.81	-9.525	0)
(323.85	-3.81	-9.525	0)
(331.47	-3.81	-9.525	0)
(339.09	-3.81	-9.525	0)
(346.71	-3.81	-9.525	0)
(354.33	-3.81	-9.525	0)
(361.95	-3.81	-9.525	0)
(369.57	-3.81	-9.525	0)
(377.19	-3.81	-9.525	0)
(384.81	-3.81	-9.525	0)
(392.43	-3.81	-9.525	0)
(400.05	-3.81	-9.525	0)
(407.67	-3.81	-9.525	0)
(415.29	-3.81	-9.525	0)
(422.91	-3.81	-9.525	0)
(430.53	-3.81	-9.525	0)
(438.15	-3.81	-9.525	0)
(445.77	-3.81	-9.525	0)
(453.39	-3.81	-9.525	0)
(461.01	-3.81	-9.525	0)
(468.63	-3.81	-9.525	0)
(476.25	-3.81	-9.525	0)
(483.87	-3.81	-9.525	0)
(491.49	-3.81	-9.525	0)
(499.11	-3.81	-9.525	0)
(506.73	-3.81	-9.525	0)
(514.35	-3.81	-9.525	0)
(521.97	-3.81	-9.525	0)
(529.59	-3.81	-9.525	0)
(537.21	-3.81	-9.525	0)
(544.83	-3.81	-9.525	0)
(552.45	-3.81	-9.525	0)
(560.07	-3.81	-9.525	0)
(567.69	-3.81	-9.525	0)
(575.31	-3.81	-9.525	0)
(582.93	-3.81	-9.525	0)
(590.55	-3.81	-9.525	0)
(598.17	-3.81	-9.525	0)
(605.79	-3.81	-9.525	0)
(613.41	-3.81	-9.525	0)
(621.03	-3.81	-9.525	0)
(628.65	-3.81	-9.525	0)
(636.27	-3.81	-9.525	0)
(643.89	-3.81	-9.525	0)
(651.51	-3.81	-9.525	0)
(659.13	-3.81	-9.525	0)
(666.75	-3.81	-9.525	0)
(674.37	-3.81	-9.525	0)
(681.99	-3.81	-9.525	0)
(689.61	-3.81	-9.525	0)
(697.23	-3.81	-9.525	0)
(704.85	-3.81	-9.525	0)
(712.47	-3.81	-9.525	0)
(720.09	-3.81	-9.525	0)
(727.71	-3.81	-9.525	0)
(735.33	-3.81	-9.525	0)
(742.95	-3.81	-9.525	0)
(750.57	-3.81	-9.525	0)
(758.19	-3.81	-9.525	0)
(3.81	-3.81	-10.287	9.5131e-06)
(11.43	-3.81	-10.287	0)
(19.05	-3.81	-10.287	0)
(26.67	-3.81	-10.287	0)
(34.29	-3.81	-10.287	0)
(41.91	-3.81	-10.287	0)
(49.53	-3.81	-10.287	0)
(57.15	-3.81	-10.287	0)
(64.77	-3.81	-10.287	0)
(72.39	-3.81	-10.287	0)
(80.01	-3.81	-10.287	0)
(87.63	-3.81	-10.287	0)
(95.25	-3.81	-10.287	0)
(102.87	-3.81	-10.287	0)
(110.49	-3.81	-10.287	0)
(118.11	-3.81	-10.287	0)
(125.73	-3.81	-10.287	0)
(133.35	-3.81	-10.287	0)
(140.97	-3.81	-10.287	0)
(148.59	-3.81	-10.287	0)
(156.21	-3.81	-10.287	0)
(163.83	-3.81	-10.287	0)
(171.45	-3.81	-10.287	0)
(179.07	-3.81	-10.287	0)
(186.69	-3.81	-10.287	0)
(194.31	-3.81	-10.287	0)
(201.93	-3.81	-10.287	0)
(209.55	-3.81	-10.287	0)
(217.17	-3.81	-10.287	0)
(224.79	-3.81	-10.287	0)
(232.41	-3.81	-10.287	0)
(240.03	-3.81	-10.287	0)
(247.65	-3.81	-10.287	0)
(255.27	-3.81	-10.287	0)
(262.89	-3.81	-10.287	0)
(270.51	-3.81	-10.287	0)
(278.13	-3.81	-10.287	0)
(285.75	-3.81	-10.287	0)
(293.37	-3.81	-10.287	0)
(300.99	-3.81	-10.287	0)
(308.61	-3.81	-10.287	0)
(316.23	-3.81	-10.287	0)
(323.85	-3.81	-10.287	0)
(331.47	-3.81	-10.287	0)
(339.09	-3.81	-10.287	0)
(346.71	-3.81	-10.287	0)
(354.33	-3.81	-10.287	0)
(361.95	-3.81	-10.287	0)
(369.57	-3.81	-10.287	0)
(377.19	-3.81	-10.287	0)
(384.81	-3.81	-10.287	0)
(392.43	-3.81	-10.287	0)
(400.05	-3.81	-10.287	0)
(407.67	-3.81	-10.287	0)
(415.29	-3.81	-10.287	0)
(422.91	-3.81	-10.287	0)
(430.53	-3.81	-10.287	0)
(438.15	-3.81	-10.287	0)
(445.77	-3.81	-10.287	0)
(453.39	-3.81	-10.287	0)
(461.01	-3.81	-10.287	0)
(468.63	-3.81	-10.287	0)
(476.25	-3.81	-10.287	0)
(483.87	-3.81	-10.287	0)
(491.49	-3.81	-10.287	0)
(499.11	-3.81	-10.287	0)
(506.73	-3.81	-10.287	0)
(514.35	-3.81	-10.287	0)
(521.97	-3.81	-10.287	0)
(529.59	-3.81	-10.287	0)
(537.21	-3.81	-10.287	0)
(544.83	-3.81	-10.287	0)
(552.45	-3.81	-10.287	0)
(560.07	-3.81	-10.287	0)
(567.69	-3.81	-10.287	0)
(575.31	-3.81	-10.287	0)
(582.93	-3.81	-10.287	0)
(590.55	-3.81	-10.287	0)
(598.17	-3.81	-10.287	0)
(605.79	-3.81	-10.287	0)
(613.41	-3.81	-10.287	0)
(621.03	-3.81	-10.287	0)
(628.65	-3.81	-10.287	0)
(636.27	-3.81	-10.287	0)
(643.89	-3.81	-10.287	0)
(651.51	-3.81	-10.287	0)
(659.13	-3.81	-10.287	0)
(666.75	-3.81	-10.287	0)
(674.37	-3.81	-10.287	0)
(681.99	-3.81	-10.287	0)
(689.61	-3.81	-10.287	0)
(697.23	-3.81	-10.287	0)
(704.85	-3.81	-10.287	0)
(712.47	-3.81	-10.287	0)
(720.09	-3.81	-10.287	0)
(727.71	-3.81	-10.287	0)
(735.33	-3.81	-10.287	0)
(742.95	-3.81	-10.287	0)
(750.57	-3.81	-10.287	0)
(758.19	-3.81	-10.287	0)
(3.81	-3.81	-11.049	0.00056728)
(11.43	-3.81	-11.049	0)
(19.05	-3.81	-11.049	0)
(26.67	-3.81	-11.049	0)
(34.29	-3.81	-11.049	0)
(41.91	-3.81	-11.049	0)
(49.53	-3.81	-11.049	0)
(57.15	-3.81	-11.049	0)
(64.77	-3.81	-11.049	0)
(72.39	-3.81	-11.049	0)
(80.01	-3.81	-11.049	0)
(87.63	-3.81	-11.049	0)
(95.25	-3.81	-11.049	0)
(102.87	-3.81	-11.049	0)
(110.49	-3.81	-11.049	0)
(118.11	-3.81	-11.049	0)
(125.73	-3.81	-11.049	0)
(133.35	-3.81	-11.049	0)
(140.97	-3.81	-11.049	0)
(148.59	-3.81	-11.049	0)
(156.21	-3.81	-11.049	0)
(163.83	-3.81	-11.049	0)
(171.45	-3.81	-11.049	0)
(179.07	-3.81	-11.049	0)
(186.69	-3.81	-11.049	0)
(194.31	-3.81	-11.049	0)
(201.93	-3.81	-11.049	0)
(209.55	-3.81	-11.049	0)
(217.17	-3.81	-11.049	0)
(224.79	-3.81	-11.049	0)
(232.41	-3.81	-11.049	0)
(240.03	-3.81	-11.049	0)
(247.65	-3.81	-11.049	0)
(255.27	-3.81	-11.049	0)
(262.89	-3.81	-11.049	0)
(270.51	-3.81	-11.049	0)
(278.13	-3.81	-11.049	0)
(285.75	-3.81	-11.049	0)
(293.37	-3.81	-11.049	0)
(300.99	-3.81	-11.049	0)
(308.61	-3.81	-11.049	0)
(316.23	-3.81	-11.049	0)
(323.85	-3.81	-11.049	0)
(331.47	-3.81	-11.049	0)
(339.09	-3.81	-11.049	0)
(346.71	-3.81	-11.049	0)
(354.33	-3.81	-11.049	0)
(361.95	-3.81	-11.049	0)
(369.57	-3.81	-11.049	0)
(377.19	-3.81	-11.049	0)
(384.81	-3.81	-11.049	0)
(392.43	-3.81	-11.049	0)
(400.05	-3.81	-11.049	0)
(407.67	-3.81	-11.049	0)
(415.29	-3.81	-11.049	0)
(422.91	-3.81	-11.049	0)
(430.53	-3.81	-11.049	0)
(438.15	-3.81	-11.049	0)
(445.77	-3.81	-11.049	0)
(453.39	-3.81	-11.049	0)
(461.01	-3.81	-11.049	0)
(468.63	-3.81	-11.049	0)
(476.25	-3.81	-11.049	0)
(483.87	-3.81	-11.049	0)
(491.49	-3.81	-11.049	0)
(499.11	-3.81	-11.049	0)
(506.73	-3.81	-11.049	0)
(514.35	-3.81	-11.049	0)
(521.97	-3.81	-11.049	0)
(529.59	-3.81	-11.049	0)
(537.21	-3.81	-11.049	0)
(544.83	-3.81	-11.049	0)
(552.45	-3.81	-11.049	0)
(560.07	-3.81	-11.049	0)
(567.69	-3.81	-11.049	0)
(575.31	-3.81	-11.049	0)
(582.93	-3.81	-11.049	0)
(590.55	-3.81	-11.049	0)
(598.17	-3.81	-11.049	0)
(605.79	-3.81	-11.049	0)
(613.41	-3.81	-11.049	0)
(621.03	-3.81	-11.049	0)
(628.65	-3.81	-11.049	0)
(636.27	-3.81	-11.049	0)
(643.89	-3.81	-11.049	0)
(651.51	-3.81	-11.049	0)
(659.13	-3.81	-11.049	0)
(666.75	-3.81	-11.049	0)
(674.37	-3.81	-11.049	0)
(681.99	-3.81	-11.049	0)
(689.61	-3.81	-11.049	0)
(697.23	-3.81	-11.049	0)
(704.85	-3.81	-11.049	0)
(712.47	-3.81	-11.049	0)
(720.09	-3.81	-11.049	0)
(727.71	-3.81	-11.049	0)
(735.33	-3.81	-11.049	0)
(742.95	-3.81	-11.049	0)
(750.57	-3.81	-11.049	0)
(758.19	-3.81	-11.049	0)
(3.81	-3.81	-11.811	0.00020628)
(11.43	-3.81	-11.811	0)
(19.05	-3.81	-11.811	0)
(26.67	-3.81	-11.811	0)
(34.29	-3.81	-11.811	0)
(41.91	-3.81	-11.811	0)
(49.53	-3.81	-11.811	0)
(57.15	-3.81	-11.811	0)
(64.77	-3.81	-11.811	0)
(72.39	-3.81	-11.811	0)
(80.01	-3.81	-11.811	0)
(87.63	-3.81	-11.811	0)
(95.25	-3.81	-11.811	0)
(102.87	-3.81	-11.811	0)
(110.49	-3.81	-11.811	0)
(118.11	-3.81	-11.811	0)
(125.73	-3.81	-11.811	0)
(133.35	-3.81	-11.811	0)
(140.97	-3.81	-11.811	0)
(148.59	-3.81	-11.811	0)
(156.21	-3.81	-11.811	0)
(163.83	-3.81	-11.811	0)
(171.45	-3.81	-11.811	0)
(179.07	-3.81	-11.811	0)
(186.69	-3.81	-11.811	0)
(194.31	-3.81	-11.811	0)
(201.93	-3.81	-11.811	0)
(209.55	-3.81	-11.811	0)
(217.17	-3.81	-11.811	0)
(224.79	-3.81	-11.811	0)
(232.41	-3.81	-11.811	0)
(240.03	-3.81	-11.811	0)
(247.65	-3.81	-11.811	0)
(255.27	-3.81	-11.811	0)
(262.89	-3.81	-11.811	0)
(270.51	-3.81	-11.811	0)
(278.13	-3.81	-11.811	0)
(285.75	-3.81	-11.811	0)
(293.37	-3.81	-11.811	0)
(300.99	-3.81	-11.811	0)
(308.61	-3.81	-11.811	0)
(316.23	-3.81	-11.811	0)
(323.85	-3.81	-11.811	0)
(331.47	-3.81	-11.811	0)
(339.09	-3.81	-11.811	0)
(346.71	-3.81	-11.811	0)
(354.33	-3.81	-11.811	0)
(361.95	-3.81	-11.811	0)
(369.57	-3.81	-11.811	0)
(377.19	-3.81	-11.811	0)
(384.81	-3.81	-11.811	0)
(392.43	-3.81	-11.811	0)
(400.05	-3.81	-11.811	0)
(407.67	-3.81	-11.811	0)
(415.29	-3.81	-11.811	0)
(422.91	-3.81	-11.811	0)
(430.53	-3.81	-11.811	0)
(438.15	-3.81	-11.811	0)
(445.77	-3.81	-11.811	0)
(453.39	-3.81	-11.811	0)
(461.01	-3.81	-11.811	0)
(468.63	-3.81	-11.811	0)
(476.25	-3.81	-11.811	0)
(483.87	-3.81	-11.811	0)
(491.49	-3.81	-11.811	0)
(499.11	-3.81	-11.811	0)
(506.73	-3.81	-11.811	0)
(514.35	-3.81	-11.811	0)
(521.97	-3.81	-11.811	0)
(529.59	-3.81	-11.811	0)
(537.21	-3.81	-11.811	0)
(544.83	-3.81	-11.811	0)
(552.45	-3.81	-11.811	0)
(560.07	-3.81	-11.811	0)
(567.69	-3.81	-11.811	0)
(575.31	-3.81	-11.811	0)
(582.93	-3.81	-11.811	0)
(590.55	-3.81	-11.811	0)
(598.17	-3.81	-11.811	0)
(605.79	-3.81	-11.811	0)
(613.41	-3.81	-11.811	0)
(621.03	-3.81	-11.811	0)
(628.65	-3.81	-11.811	0)
(636.27	-3.81	-11.811	0)
(643.89	-3.81	-11.811	0)
(651.51	-3.81	-11.811	0)
(659.13	-3.81	-11.811	0)
(666.75	-3.81	-11.811	0)
(674.37	-3.81	-11.811	0)
(681.99	-3.81	-11.811	0)
(689.61	-3.81	-11.811	0)
(697.23	-3.81	-11.811	0)
(704.85	-3.81	-11.811	0)
(712.47	-3.81	-11.811	0)
(720.09	-3.81	-11.811	0)
(727.71	-3.81	-11.811	0)
(735.33	-3.81	-11.811	0)
(742.95	-3.81	-11.811	0)
(750.57	-3.81	-11.811	0)
(758.19	-3.81	-11.811	0)
(3.81	-3.81	-12.573	8.0472e-05)
(11.43	-3.81	-12.573	0)
(19.05	-3.81	-12.573	0)
(26.67	-3.81	-12.573	0)
(34.29	-3.81	-12.573	0)
(41.91	-3.81	-12.573	0)
(49.53	-3.81	-12.573	0)
(57.15	-3.81	-12.573	0)
(64.77	-3.81	-12.573	0)
(72.39	-3.81	-12.573	0)
(80.01	-3.81	-12.573	0)
(87.63	-3.81	-12.573	0)
(95.25	-3.81	-12.573	0)
(102.87	-3.81	-12.573	0)
(110.49	-3.81	-12.573	0)
(118.11	-3.81	-12.573	0)
(125.73	-3.81	-12.573	0)
(133.35	-3.81	-12.573	0)
(140.97	-3.81	-12.573	0)
(148.59	-3.81	-12.573	0)
(156.21	-3.81	-12.573	0)
(163.83	-3.81	-12.573	0)
(171.45	-3.81	-12.573	0)
(179.07	-3.81	-12.573	0)
(186.69	-3.81	-12.573	0)
(194.31	-3.81	-12.573	0)
(201.93	-3.81	-12.573	0)
(209.55	-3.81	-12.573	0)
(217.17	-3.81	-12.573	0)
(224.79	-3.81	-12.573	0)
(232.41	-3.81	-12.573	0)
(240.03	-3.81	-12.573	0)
(247.65	-3.81	-12.573	0)
(255.27	-3.81	-12.573	0)
(262.89	-3.81	-12.573	0)
(270.51	-3.81	-12.573	0)
(278.13	-3.81	-12.573	0)
(285.75	-3.81	-12.573	0)
(293.37	-3.81	-12.573	0)
(300.99	-3.81	-12.573	0)
(308.61	-3.81	-12.573	0)
(316.23	-3.81	-12.573	0)
(323.85	-3.81	-12.573	0)
(331.47	-3.81	-12.573	0)
(339.09	-3.81	-12.573	0)
(346.71	-3.81	-12.573	0)
(354.33	-3.81	-12.573	0)
(361.95	-3.81	-12.573	0)
(369.57	-3.81	-12.573	0)
(377.19	-3.81	-12.573	0)
(384.81	-3.81	-12.573	0)
(392.43	-3.81	-12.573	0)
(400.05	-3.81	-12.573	0)
(407.67	-3.81	-12.573	0)
(415.29	-3.81	-12.573	0)
(422.91	-3.81	-12.573	0)
(430.53	-3.81	-12.573	0)
(438.15	-3.81	-12.573	0)
(445.77	-3.81	-12.573	0)
(453.39	-3.81	-12.573	0)
(461.01	-3.81	-12.573	0)
(468.63	-3.81	-12.573	0)
(476.25	-3.81	-12.573	0)
(483.87	-3.81	-12.573	0)
(491.49	-3.81	-12.573	0)
(499.11	-3.81	-12.573	0)
(506.73	-3.81	-12.573	0)
(514.35	-3.81	-12.573	0)
(521.97	-3.81	-12.573	0)
(529.59	-3.81	-12.573	0)
(537.21	-3.81	-12.573	0)
(544.83	-3.81	-12.573	0)
(552.45	-3.81	-12.573	0)
(560.07	-3.81	-12.573	0)
(567.69	-3.81	-12.573	0)
(575.31	-3.81	-12.573	0)
(582.93	-3.81	-12.573	0)
(590.55	-3.81	-12.573	0)
(598.17	-3.81	-12.573	0)
(605.79	-3.81	-12.573	0)
(613.41	-3.81	-12.573	0)
(621.03	-3.81	-12.573	0)
(628.65	-3.81	-12.573	0)
(636.27	-3.81	-12.573	0)
(643.89	-3.81	-12.573	0)
(651.51	-3.81	-12.573	0)
(659.13	-3.81	-12.573	0)
(666.75	-3.81	-12.573	0)
(674.37	-3.81	-12.573	0)
(681.99	-3.81	-12.573	0)
(689.61	-3.81	-12.573	0)
(697.23	-3.81	-12.573	0)
(704.85	-3.81	-12.573	0)
(712.47	-3.81	-12.573	0)
(720.09	-3.81	-12.573	0)
(727.71	-3.81	-12.573	0)
(735.33	-3.81	-12.573	0)
(742.95	-3.81	-12.573	0)
(750.57	-3.81	-12.573	0)
(758.19	-3.81	-12.573	0)
(3.81	-3.81	-13.335	0.0020399)
(11.43	-3.81	-13.335	0)
(19.05	-3.81	-13.335	0)
(26.67	-3.81	-13.335	0)
(34.29	-3.81	-13.335	0)
(41.91	-3.81	-13.335	0)
(49.53	-3.81	-13.335	0)
(57.15	-3.81	-13.335	0)
(64.77	-3.81	-13.335	0)
(72.39	-3.81	-13.335	0)
(80.01	-3.81	-13.335	0)
(87.63	-3.81	-13.335	0)
(95.25	-3.81	-13.335	0)
(102.87	-3.81	-13.335	0)
(110.49	-3.81	-13.335	0)
(118.11	-3.81	-13.335	0)
(125.73	-3.81	-13.335	0)
(133.35	-3.81	-13.335	0)
(140.97	-3.81	-13.335	0)
(148.59	-3.81	-13.335	0)
(156.21	-3.81	-13.335	0)
(163.83	-3.81	-13.335	0)
(171.45	-3.81	-13.335	0)
(179.07	-3.81	-13.335	0)
(186.69	-3.81	-13.335	0)
(194.31	-3.81	-13.335	0)
(201.93	-3.81	-13.335	0)
(209.55	-3.81	-13.335	0)
(217.17	-3.81	-13.335	0)
(224.79	-3.81	-13.335	0)
(232.41	-3.81	-13.335	0)
(240.03	-3.81	-13.335	0)
(247.65	-3.81	-13.335	0)
(255.27	-3.81	-13.335	0)
(262.89	-3.81	-13.335	0)
(270.51	-3.81	-13.335	0)
(278.13	-3.81	-13.335	0)
(285.75	-3.81	-13.335	0)
(293.37	-3.81	-13.335	0)
(300.99	-3.81	-13.335	0)
(308.61	-3.81	-13.335	0)
(316.23	-3.81	-13.335	0)
(323.85	-3.81	-13.335	0)
(331.47	-3.81	-13.335	0)
(339.09	-3.81	-13.335	0)
(346.71	-3.81	-13.335	0)
(354.33	-3.81	-13.335	0)
(361.95	-3.81	-13.335	0)
(369.57	-3.81	-13.335	0)
(377.19	-3.81	-13.335	0)
(384.81	-3.81	-13.335	0)
(392.43	-3.81	-13.335	0)
(400.05	-3.81	-13.335	0)
(407.67	-3.81	-13.335	0)
(415.29	-3.81	-13.335	0)
(422.91	-3.81	-13.335	0)
(430.53	-3.81	-13.335	0)
(438.15	-3.81	-13.335	0)
(445.77	-3.81	-13.335	0)
(453.39	-3.81	-13.335	0)
(461.01	-3.81	-13.335	0)
(468.63	-3.81	-13.335	0)
(476.25	-3.81	-13.335	0)
(483.87	-3.81	-13.335	0)
(491.49	-3.81	-13.335	0)
(499.11	-3.81	-13.335	0)
(506.73	-3.81	-13.335	0)
(514.35	-3.81	-13.335	0)
(521.97	-3.81	-13.335	0)
(529.59	-3.81	-13.335	0)
(537.21	-3.81	-13.335	0)
(544.83	-3.81	-13.335	0)
(552.45	-3.81	-13.335	0)
(560.07	-3.81	-13.335	0)
(567.69	-3.81	-13.335	0)
(575.31	-3.81	-13.335	0)
(582.93	-3.81	-13.335	0)
(590.55	-3.81	-13.335	0)
(598.17	-3.81	-13.335	0)
(605.79	-3.81	-13.335	0)
(613.41	-3.81	-13.335	0)
(621.03	-3.81	-13.335	0)
(628.65	-3.81	-13.335	0)
(636.27	-3.81	-13.335	0)
(643.89	-3.81	-13.335	0)
(651.51	-3.81	-13.335	0)
(659.13	-3.81	-13.335	0)
(666.75	-3.81	-13.335	0)
(674.37	-3.81	-13.335	0)
(681.99	-3.81	-13.335	0)
(689.61	-3.81	-13.335	0)
(697.23	-3.81	-13.335	0)
(704.85	-3.81	-13.335	0)
(712.47	-3.81	-13.335	0)
(720.09	-3.81	-13.335	0)
(727.71	-3.81	-13.335	0)
(735.33	-3.81	-13.335	0)
(742.95	-3.81	-13.335	0)
(750.57	-3.81	-13.335	0)
(758.19	-3.81	-13.335	0)
(3.81	-3.81	-14.097	3.8112e-08)
(11.43	-3.81	-14.097	0)
(19.05	-3.81	-14.097	0)
(26.67	-3.81	-14.097	0)
(34.29	-3.81	-14.097	0)
(41.91	-3.81	-14.097	0)
(49.53	-3.81	-14.097	0)
(57.15	-3.81	-14.097	0)
(64.77	-3.81	-14.097	0)
(72.39	-3.81	-14.097	0)
(80.01	-3.81	-14.097	0)
(87.63	-3.81	-14.097	0)
(95.25	-3.81	-14.097	0)
(102.87	-3.81	-14.097	0)
(110.49	-3.81	-14.097	0)
(118.11	-3.81	-14.097	0)
(125.73	-3.81	-14.097	0)
(133.35	-3.81	-14.097	0)
(140.97	-3.81	-14.097	0)
(148.59	-3.81	-14.097	0)
(156.21	-3.81	-14.097	0)
(163.83	-3.81	-14.097	0)
(171.45	-3.81	-14.097	0)
(179.07	-3.81	-14.097	0)
(186.69	-3.81	-14.097	0)
(194.31	-3.81	-14.097	0)
(201.93	-3.81	-14.097	0)
(209.55	-3.81	-14.097	0)
(217.17	-3.81	-14.097	0)
(224.79	-3.81	-14.097	0)
(232.41	-3.81	-14.097	0)
(240.03	-3.81	-14.097	0)
(247.65	-3.81	-14.097	0)
(255.27	-3.81	-14.097	0)
(262.89	-3.81	-14.097	0)
(270.51	-3.81	-14.097	0)
(278.13	-3.81	-14.097	0)
(285.75	-3.81	-14.097	0)
(293.37	-3.81	-14.097	0)
(300.99	-3.81	-14.097	0)
(308.61	-3.81	-14.097	0)
(316.23	-3.81	-14.097	0)
(323.85	-3.81	-14.097	0)
(331.47	-3.81	-14.097	0)
(339.09	-3.81	-14.097	0)
(346.71	-3.81	-14.097	0)
(354.33	-3.81	-14.097	0)
(361.95	-3.81	-14.097	0)
(369.57	-3.81	-14.097	0)
(377.19	-3.81	-14.097	0)
(384.81	-3.81	-14.097	0)
(392.43	-3.81	-14.097	0)
(400.05	-3.81	-14.097	0)
(407.67	-3.81	-14.097	0)
(415.29	-3.81	-14.097	0)
(422.91	-3.81	-14.097	0)
(430.53	-3.81	-14.097	0)
(438.15	-3.81	-14.097	0)
(445.77	-3.81	-14.097	0)
(453.39	-3.81	-14.097	0)
(461.01	-3.81	-14.097	0)
(468.63	-3.81	-14.097	0)
(476.25	-3.81	-14.097	0)
(483.87	-3.81	-14.097	0)
(491.49	-3.81	-14.097	0)
(499.11	-3.81	-14.097	0)
(506.73	-3.81	-14.097	0)
(514.35	-3.81	-14.097	0)
(521.97	-3.81	-14.097	0)
(529.59	-3.81	-14.097	0)
(537.21	-3.81	-14.097	0)
(544.83	-3.81	-14.097	0)
(552.45	-3.81	-14.097	0)
(560.07	-3.81	-14.097	0)
(567.69	-3.81	-14.097	0)
(575.31	-3.81	-14.097	0)
(582.93	-3.81	-14.097	0)
(590.55	-3.81	-14.097	0)
(598.17	-3.81	-14.097	0)
(605.79	-3.81	-14.097	0)
(613.41	-3.81	-14.097	0)
(621.03	-3.81	-14.097	0)
(628.65	-3.81	-14.097	0)
(636.27	-3.81	-14.097	0)
(643.89	-3.81	-14.097	0)
(651.51	-3.81	-14.097	0)
(659.13	-3.81	-14.097	0)
(666.75	-3.81	-14.097	0)
(674.37	-3.81	-14.097	0)
(681.99	-3.81	-14.097	0)
(689.61	-3.81	-14.097	0)
(697.23	-3.81	-14.097	0)
(704.85	-3.81	-14.097	0)
(712.47	-3.81	-14.097	0)
(720.09	-3.81	-14.097	0)
(727.71	-3.81	-14.097	0)
(735.33	-3.81	-14.097	0)
(742.95	-3.81	-14.097	0)
(750.57	-3.81	-14.097	0)
(758.19	-3.81	-14.097	0)
(3.81	-3.81	-14.859	0.0080419)
(11.43	-3.81	-14.859	0)
(19.05	-3.81	-14.859	0)
(26.67	-3.81	-14.859	0)
(34.29	-3.81	-14.859	0)
(41.91	-3.81	-14.859	0)
(49.53	-3.81	-14.859	0)
(57.15	-3.81	-14.859	0)
(64.77	-3.81	-14.859	0)
(72.39	-3.81	-14.859	0)
(80.01	-3.81	-14.859	0)
(87.63	-3.81	-14.859	0)
(95.25	-3.81	-14.859	0)
(102.87	-3.81	-14.859	0)
(110.49	-3.81	-14.859	0)
(118.11	-3.81	-14.859	0)
(125.73	-3.81	-14.859	0)
(133.35	-3.81	-14.859	0)
(140.97	-3.81	-14.859	0)
(148.59	-3.81	-14.859	0)
(156.21	-3.81	-14.859	0)
(163.83	-3.81	-14.859	0)
(171.45	-3.81	-14.859	0)
(179.07	-3.81	-14.859	0)
(186.69	-3.81	-14.859	0)
(194.31	-3.81	-14.859	0)
(201.93	-3.81	-14.859	0)
(209.55	-3.81	-14.859	0)
(217.17	-3.81	-14.859	0)
(224.79	-3.81	-14.859	0)
(232.41	-3.81	-14.859	0)
(240.03	-3.81	-14.859	0)
(247.65	-3.81	-14.859	0)
(255.27	-3.81	-14.859	0)
(262.89	-3.81	-14.859	0)
(270.51	-3.81	-14.859	0)
(278.13	-3.81	-14.859	0)
(285.75	-3.81	-14.859	0)
(293.37	-3.81	-14.859	0)
(300.99	-3.81	-14.859	0)
(308.61	-3.81	-14.859	0)
(316.23	-3.81	-14.859	0)
(323.85	-3.81	-14.859	0)
(331.47	-3.81	-14.859	0)
(339.09	-3.81	-14.859	0)
(346.71	-3.81	-14.859	0)
(354.33	-3.81	-14.859	0)
(361.95	-3.81	-14.859	0)
(369.57	-3.81	-14.859	0)
(377.19	-3.81	-14.859	0)
(384.81	-3.81	-14.859	0)
(392.43	-3.81	-14.859	0)
(400.05	-3.81	-14.859	0)
(407.67	-3.81	-14.859	0)
(415.29	-3.81	-14.859	0)
(422.91	-3.81	-14.859	0)
(430.53	-3.81	-14.859	0)
(438.15	-3.81	-14.859	0)
(445.77	-3.81	-14.859	0)
(453.39	-3.81	-14.859	0)
(461.01	-3.81	-14.859	0)
(468.63	-3.81	-14.859	0)
(476.25	-3.81	-14.859	0)
(483.87	-3.81	-14.859	0)
(491.49	-3.81	-14.859	0)
(499.11	-3.81	-14.859	0)
(506.73	-3.81	-14.859	0)
(514.35	-3.81	-14.859	0)
(521.97	-3.81	-14.859	0)
(529.59	-3.81	-14.859	0)
(537.21	-3.81	-14.859	0)
(544.83	-3.81	-14.859	0)
(552.45	-3.81	-14.859	0)
(560.07	-3.81	-14.859	0)
(567.69	-3.81	-14.859	0)
(575.31	-3.81	-14.859	0)
(582.93	-3.81	-14.859	0)
(590.55	-3.81	-14.859	0)
(598.17	-3.81	-14.859	0)
(605.79	-3.81	-14.859	0)
(613.41	-3.81	-14.859	0)
(621.03	-3.81	-14.859	0)
(628.65	-3.81	-14.859	0)
(636.27	-3.81	-14.859	0)
(643.89	-3.81	-14.859	0)
(651.51	-3.81	-14.859	0)
(659.13	-3.81	-14.859	0)
(666.75	-3.81	-14.859	0)
(674.37	-3.81	-14.859	0)
(681.99	-3.81	-14.859	0)
(689.61	-3.81	-14.859	0)
(697.23	-3.81	-14.859	0)
(704.85	-3.81	-14.859	0)
(712.47	-3.81	-14.859	0)
(720.09	-3.81	-14.859	0)
(727.71	-3.81	-14.859	0)
(735.33	-3.81	-14.859	0)
(742.95	-3.81	-14.859	0)
(750.57	-3.81	-14.859	0)
(758.19	-3.81	-14.859	0)
